16
{{-0.0468750000*Q^2+0,0,0,0,0,0,0,0,0,0,0,0,0,0,0,0},
{0,-0.0468750000*Q^2+0,0,0,0,0,0,0,0,0,0,0,0,0,0,0},
{0,0,-0.0468750000*Q^2+0,0,0,0,0,0,0,0,0,0,0,0,0,0},
{0,0,0,-0.0468750000*Q^2+0,0,0,0,0,0,0,0,0,0,0,0,0},
{0,0,0,0,-0.0468750000*Q^2+0,0,0,0,0,0,0,0,0,0,0,0},
{0,0,0,0,0,-0.0468750000*Q^2+0,0,0,0,0,0,0,0,0,0,0},
{0,0,0,0,0,0,-0.0468750000*Q^2+0,0,0,0,0,0,0,0,0,0},
{0,0,0,0,0,0,0,-0.0468750000*Q^2+0,0,0,0,0,0,0,0,0},
{0,0,0,0,0,0,0,0,-0.0468750000*Q^2+0,0,0,0,0,0,0,0},
{0,0,0,0,0,0,0,0,0,-0.0468750000*Q^2+0,0,0,0,0,0,0},
{0,0,0,0,0,0,0,0,0,0,-0.0468750000*Q^2+0,0,0,0,0,0},
{0,0,0,0,0,0,0,0,0,0,0,-0.0468750000*Q^2+0,0,0,0,0},
{0,0,0,0,0,0,0,0,0,0,0,0,-0.0468750000*Q^2+0,0,0,0},
{0,0,0,0,0,0,0,0,0,0,0,0,0,-0.0468750000*Q^2+0,0,0},
{0,0,0,0,0,0,0,0,0,0,0,0,0,0,-0.0468750000*Q^2+0,0},
{0,0,0,0,0,0,0,0,0,0,0,0,0,0,0,-0.0468750000*Q^2+0}
}