16
{{-0.0252685547*J1^1*Q^2+0.0063171387*Q^3+0,0,0,0,0,-0.0084228516*J1^1*Q^2+0.0057067871*Q^3+0,0,0,0,0,0,0,0,0,0,0},
{0,-0.0252685547*J1^1*Q^2+0.0063171387*Q^3+0,0,0,-0.0084228516*J1^1*Q^2+0.0057067871*Q^3+0,-0.0097258712*J1^1*Q^2+0.0065896301*Q^3+0,0,0,0,0,0,0,0,0,0,0},
{0,0,-0.0252685547*J1^1*Q^2+0.0063171387*Q^3+0,0,0,0,0,-0.0084228516*J1^1*Q^2+0.0057067871*Q^3+0,0,0,0,0,0,0,0,0},
{0,0,0,-0.0252685547*J1^1*Q^2+0.0063171387*Q^3+0,0,0,-0.0084228516*J1^1*Q^2+0.0057067871*Q^3+0,-0.0097258712*J1^1*Q^2+0.0065896301*Q^3+0,0,0,0,0,0,0,0,0},
{0,-0.0084228516*J1^1*Q^2+0.0057067871*Q^3+0,0,0,-0.0252685547*J1^1*Q^2+0.0063171387*Q^3+0,-0.0097258712*J1^1*Q^2+0.0065896301*Q^3+0,0,0,0,0,0,0,0,0,0,0},
{-0.0084228516*J1^1*Q^2+0.0057067871*Q^3+0,-0.0097258712*J1^1*Q^2+0.0065896301*Q^3+0,0,0,-0.0097258712*J1^1*Q^2+0.0065896301*Q^3+0,-0.0364990234*J1^1*Q^2+0.0139261882*Q^3+0,0,0,0,0,0,0,0,0,0,0},
{0,0,0,-0.0084228516*J1^1*Q^2+0.0057067871*Q^3+0,0,0,-0.0252685547*J1^1*Q^2+0.0063171387*Q^3+0,-0.0097258712*J1^1*Q^2+0.0065896301*Q^3+0,0,0,0,0,0,0,0,0},
{0,0,-0.0084228516*J1^1*Q^2+0.0057067871*Q^3+0,-0.0097258712*J1^1*Q^2+0.0065896301*Q^3+0,0,0,-0.0097258712*J1^1*Q^2+0.0065896301*Q^3+0,-0.0364990234*J1^1*Q^2+0.0139261882*Q^3+0,0,0,0,0,0,0,0,0},
{0,0,0,0,0,0,0,0,-0.0252685547*J1^1*Q^2+0.0063171387*Q^3+0,0,0,0,0,-0.0084228516*J1^1*Q^2+0.0057067871*Q^3+0,0,0},
{0,0,0,0,0,0,0,0,0,-0.0252685547*J1^1*Q^2+0.0063171387*Q^3+0,0,0,-0.0084228516*J1^1*Q^2+0.0057067871*Q^3+0,-0.0097258712*J1^1*Q^2+0.0065896301*Q^3+0,0,0},
{0,0,0,0,0,0,0,0,0,0,-0.0252685547*J1^1*Q^2+0.0063171387*Q^3+0,0,0,0,0,-0.0084228516*J1^1*Q^2+0.0057067871*Q^3+0},
{0,0,0,0,0,0,0,0,0,0,0,-0.0252685547*J1^1*Q^2+0.0063171387*Q^3+0,0,0,-0.0084228516*J1^1*Q^2+0.0057067871*Q^3+0,-0.0097258712*J1^1*Q^2+0.0065896301*Q^3+0},
{0,0,0,0,0,0,0,0,0,-0.0084228516*J1^1*Q^2+0.0057067871*Q^3+0,0,0,-0.0252685547*J1^1*Q^2+0.0063171387*Q^3+0,-0.0097258712*J1^1*Q^2+0.0065896301*Q^3+0,0,0},
{0,0,0,0,0,0,0,0,-0.0084228516*J1^1*Q^2+0.0057067871*Q^3+0,-0.0097258712*J1^1*Q^2+0.0065896301*Q^3+0,0,0,-0.0097258712*J1^1*Q^2+0.0065896301*Q^3+0,-0.0364990234*J1^1*Q^2+0.0139261882*Q^3+0,0,0},
{0,0,0,0,0,0,0,0,0,0,0,-0.0084228516*J1^1*Q^2+0.0057067871*Q^3+0,0,0,-0.0252685547*J1^1*Q^2+0.0063171387*Q^3+0,-0.0097258712*J1^1*Q^2+0.0065896301*Q^3+0},
{0,0,0,0,0,0,0,0,0,0,-0.0084228516*J1^1*Q^2+0.0057067871*Q^3+0,-0.0097258712*J1^1*Q^2+0.0065896301*Q^3+0,0,0,-0.0097258712*J1^1*Q^2+0.0065896301*Q^3+0,-0.0364990234*J1^1*Q^2+0.0139261882*Q^3+0}
}