0,{{0,0}2},{{1,0}2} 1,{{0,0}2},{{0,1}2} 2,{{0,0}1},{{0,1}1},{{1,0}1},{{1,1}1} 2,{{0,0}1},{{0,1}1},{{1,0}1},{{1,1}1} 
i 0 1 7 8 
i 5 0 6 7 
i 3 2 0 1 
i 4 3 5 0 
i 8 7 1 0 
i 7 6 0 5 
i 1 0 2 3 
i 0 5 3 4 
i 7 8 0 1 
i 6 7 5 0 
i 0 1 3 2 
i 5 0 4 3 
i 1 0 8 7 
i 0 5 7 6 
i 2 3 1 0 
i 3 4 0 5 
0,{{0,0}2},{{1,0}2} 0,{{0,1}2},{{1,1}2} 1,{{0,0}2},{{0,1}2} 2,{{0,0}1},{{0,1}1},{{1,0}1},{{1,1}1} 
i 0 1 7 8 
i 5 0 6 7 
i 3 2 0 1 
i 4 3 5 0 
i 8 7 1 0 
i 7 6 0 5 
i 1 0 2 3 
i 0 5 3 4 
0,{{0,0}2},{{1,0}2} 1,{{0,0}2},{{0,1}2} 1,{{1,0}2},{{1,1}2} 2,{{0,0}1},{{0,1}1},{{1,0}1},{{1,1}1} 
i 0 1 7 8 
i 5 0 6 7 
i 3 2 0 1 
i 4 3 5 0 
i 8 7 1 0 
i 7 6 0 5 
i 1 0 2 3 
i 0 5 3 4 
0,{{0,0}2},{{1,0}2} 0,{{1,1}2},{{2,1}2} 1,{{0,0}2},{{0,1}2} 2,{{0,0}1},{{0,1}1},{{1,0}1},{{1,1}1} 
i 0 1 7 8 23 
i 5 0 6 7 22 
i 3 2 0 1 8 
i 4 3 5 0 7 
i 15 14 4 3 0 
i 23 22 8 7 0 
i 8 7 1 0 3 
i 7 6 0 5 4 
i 1 0 2 3 14 
i 0 5 3 4 15 
i 21 22 6 7 0 
i 7 8 0 1 2 
i 6 7 5 0 3 
i 0 1 3 2 13 
i 5 0 4 3 14 
i 1 0 8 7 22 
i 0 5 7 6 21 
i 2 3 1 0 7 
i 3 4 0 5 6 
i 13 14 2 3 0 
0,{{0,0}2},{{1,0}2} 1,{{0,0}2},{{0,1}2} 1,{{1,1}2},{{1,2}2} 2,{{0,0}1},{{0,1}1},{{1,0}1},{{1,1}1} 
i 0 1 7 8 9 
i 5 0 6 7 8 
i 3 2 0 1 10 
i 4 3 5 0 1 
i 17 4 18 5 0 
i 9 8 10 1 0 
i 8 7 1 0 5 
i 7 6 0 5 18 
i 1 0 2 3 4 
i 0 5 3 4 17 
i 7 8 0 1 10 
i 6 7 5 0 1 
i 19 6 18 5 0 
i 0 1 3 2 11 
i 5 0 4 3 2 
i 1 0 8 7 6 
i 0 5 7 6 19 
i 11 2 10 1 0 
i 2 3 1 0 5 
i 3 4 0 5 18 
0,{{0,0}2},{{1,0}2} 0,{{0,1}2},{{1,1}2} 1,{{0,0}2},{{0,1}2} 1,{{0,1}2},{{0,2}2} 
i 0 1 10 7 8 
i 5 0 1 6 7 
i 18 5 0 19 6 
i 3 2 11 0 1 
i 4 3 2 5 0 
i 8 7 6 1 0 
i 7 6 19 0 5 
i 10 1 0 11 2 
i 1 0 5 2 3 
i 0 5 18 3 4 
i 7 8 9 0 1 
i 6 7 8 5 0 
i 0 1 10 3 2 
i 5 0 1 4 3 
i 18 5 0 17 4 
i 10 1 0 9 8 
i 1 0 5 8 7 
i 0 5 18 7 6 
i 2 3 4 1 0 
i 3 4 17 0 5 
0,{{0,0}2},{{1,0}2} 0,{{0,1}2},{{1,1}2} 0,{{1,0}2},{{2,0}2} 1,{{0,0}2},{{0,1}2} 
i 0 1 7 8 22 
i 5 0 6 7 21 
i 3 2 0 1 7 
i 4 3 5 0 6 
i 14 13 3 2 0 
i 22 21 7 6 0 
i 8 7 1 0 2 
i 7 6 0 5 3 
i 1 0 2 3 13 
i 0 5 3 4 14 
i 22 23 7 8 0 
i 7 8 0 1 3 
i 6 7 5 0 4 
i 0 1 3 2 14 
i 5 0 4 3 15 
i 1 0 8 7 23 
i 0 5 7 6 22 
i 2 3 1 0 8 
i 3 4 0 5 7 
i 14 15 3 4 0 
0,{{0,0}2},{{1,0}2} 0,{{0,1}2},{{1,1}2} 1,{{0,0}2},{{0,1}2} 1,{{1,0}2},{{1,1}2} 
i 0 1 7 8 
i 5 0 6 7 
i 3 2 0 1 
i 4 3 5 0 
0,{{0,0}2},{{1,0}2} 0,{{0,1}2},{{1,1}2} 1,{{0,0}2},{{0,1}2} 1,{{1,1}2},{{1,2}2} 
i 0 1 7 8 9 
i 5 0 6 7 8 
i 3 2 0 1 10 
i 4 3 5 0 1 
i 17 4 18 5 0 
i 9 8 10 1 0 
i 8 7 1 0 5 
i 7 6 0 5 18 
i 1 0 2 3 4 
i 0 5 3 4 17 
i 7 8 0 1 10 
i 6 7 5 0 1 
i 19 6 18 5 0 
i 0 1 3 2 11 
i 5 0 4 3 2 
i 1 0 8 7 6 
i 0 5 7 6 19 
i 11 2 10 1 0 
i 2 3 1 0 5 
i 3 4 0 5 18 
0,{{0,0}2},{{1,0}2} 0,{{0,2}2},{{1,2}2} 1,{{0,0}2},{{0,1}2} 1,{{0,1}2},{{0,2}2} 
i 0 1 10 7 9 
i 5 0 1 6 8 
i 18 5 0 19 7 
i 3 2 11 0 10 
i 17 4 3 18 0 
i 9 8 7 10 0 
i 7 6 19 0 18 
i 10 1 0 11 3 
i 1 0 5 2 4 
i 0 5 18 3 17 
0,{{0,0}2},{{1,0}2} 1,{{0,0}2},{{0,1}2} 1,{{0,1}2},{{0,2}2} 1,{{0,2}2},{{0,3}2} 
i 0 1 10 27 7 
i 5 0 1 10 6 
i 18 5 0 1 19 
i 39 18 5 0 40 
i 3 2 11 28 0 
i 7 6 19 40 0 
i 27 10 1 0 28 
i 10 1 0 5 11 
i 1 0 5 18 2 
i 0 5 18 39 3 
i 7 8 9 26 0 
i 0 1 10 27 3 
i 5 0 1 10 4 
i 18 5 0 1 17 
i 39 18 5 0 38 
i 27 10 1 0 26 
i 10 1 0 5 9 
i 1 0 5 18 8 
i 0 5 18 39 7 
i 3 4 17 38 0 
0,{{0,0}2},{{1,0}2} 0,{{1,0}2},{{2,0}2} 1,{{0,0}2},{{0,1}2} 1,{{0,1}2},{{0,2}2} 
i 0 1 10 7 22 
i 5 0 1 6 21 
i 18 5 0 19 20 
i 3 2 11 0 7 
i 14 13 12 3 0 
i 22 21 20 7 0 
i 7 6 19 0 3 
i 10 1 0 11 12 
i 1 0 5 2 13 
i 0 5 18 3 14 
i 22 23 24 7 0 
i 7 8 9 0 3 
i 0 1 10 3 14 
i 5 0 1 4 15 
i 18 5 0 17 16 
i 10 1 0 9 24 
i 1 0 5 8 23 
i 0 5 18 7 22 
i 3 4 17 0 7 
i 14 15 16 3 0 
0,{{0,0}2},{{1,0}2} 1,{{0,0}2},{{0,1}2} 1,{{0,1}2},{{0,2}2} 1,{{1,0}2},{{1,1}2} 
i 0 1 10 7 8 
i 5 0 1 6 7 
i 18 5 0 19 6 
i 3 2 11 0 1 
i 4 3 2 5 0 
i 8 7 6 1 0 
i 7 6 19 0 5 
i 10 1 0 11 2 
i 1 0 5 2 3 
i 0 5 18 3 4 
i 7 8 9 0 1 
i 6 7 8 5 0 
i 0 1 10 3 2 
i 5 0 1 4 3 
i 18 5 0 17 4 
i 10 1 0 9 8 
i 1 0 5 8 7 
i 0 5 18 7 6 
i 2 3 4 1 0 
i 3 4 17 0 5 
0,{{0,0}2},{{1,0}2} 1,{{0,0}2},{{0,1}2} 2,{{0,1}1},{{0,2}1},{{1,1}1},{{1,2}1} 2,{{0,1}1},{{0,2}1},{{1,1}1},{{1,2}1} 
i 0 1 10 7 8 9 
i 5 0 1 6 7 8 
i 18 5 0 19 6 7 
i 3 2 11 0 1 10 
i 4 3 2 5 0 1 
i 17 4 3 18 5 0 
i 9 8 7 10 1 0 
i 8 7 6 1 0 5 
i 7 6 19 0 5 18 
i 10 1 0 11 2 3 
i 1 0 5 2 3 4 
i 0 5 18 3 4 17 
i 7 8 9 0 1 10 
i 6 7 8 5 0 1 
i 19 6 7 18 5 0 
i 0 1 10 3 2 11 
i 5 0 1 4 3 2 
i 18 5 0 17 4 3 
i 10 1 0 9 8 7 
i 1 0 5 8 7 6 
i 0 5 18 7 6 19 
i 11 2 3 10 1 0 
i 2 3 4 1 0 5 
i 3 4 17 0 5 18 
0,{{0,0}2},{{1,0}2} 0,{{1,0}2},{{2,0}2} 1,{{0,0}2},{{0,1}2} 1,{{1,0}2},{{1,1}2} 
i 0 1 7 8 22 
i 5 0 6 7 21 
i 3 2 0 1 7 
i 4 3 5 0 6 
i 14 13 3 2 0 
i 22 21 7 6 0 
i 8 7 1 0 2 
i 7 6 0 5 3 
i 1 0 2 3 13 
i 0 5 3 4 14 
i 22 23 7 8 0 
i 7 8 0 1 3 
i 6 7 5 0 4 
i 0 1 3 2 14 
i 5 0 4 3 15 
i 1 0 8 7 23 
i 0 5 7 6 22 
i 2 3 1 0 8 
i 3 4 0 5 7 
i 14 15 3 4 0 
0,{{0,0}2},{{1,0}2} 0,{{1,0}2},{{2,0}2} 0,{{2,0}2},{{3,0}2} 1,{{0,0}2},{{0,1}2} 
i 0 1 7 22 45 
i 5 0 6 21 44 
i 3 2 0 7 22 
i 14 13 3 0 7 
i 33 32 14 3 0 
i 45 44 22 7 0 
i 22 21 7 0 3 
i 7 6 0 3 14 
i 1 0 2 13 32 
i 0 5 3 14 33 
i 45 46 22 7 0 
i 22 23 7 0 3 
i 7 8 0 3 14 
i 0 1 3 14 33 
i 5 0 4 15 34 
i 1 0 8 23 46 
i 0 5 7 22 45 
i 3 4 0 7 22 
i 14 15 3 0 7 
i 33 34 14 3 0 
0,{{0,0}2},{{1,0}2} 0,{{1,0}2},{{2,0}2} 1,{{0,0}2},{{0,1}2} 1,{{2,0}2},{{2,1}2} 
i 0 1 7 22 23 
i 5 0 6 21 22 
i 3 2 0 7 8 
i 14 13 3 0 1 
i 15 14 4 5 0 
i 23 22 8 1 0 
i 22 21 7 0 5 
i 7 6 0 3 4 
i 1 0 2 13 14 
i 0 5 3 14 15 
0,{{0,0}2},{{1,0}2} 0,{{1,1}2},{{2,1}2} 1,{{0,0}2},{{0,1}2} 1,{{1,0}2},{{1,1}2} 
i 0 1 7 8 23 
i 5 0 6 7 22 
i 3 2 0 1 8 
i 4 3 5 0 7 
i 15 14 4 3 0 
i 23 22 8 7 0 
i 8 7 1 0 3 
i 7 6 0 5 4 
i 1 0 2 3 14 
i 0 5 3 4 15 
i 21 22 6 7 0 
i 7 8 0 1 2 
i 6 7 5 0 3 
i 0 1 3 2 13 
i 5 0 4 3 14 
i 1 0 8 7 22 
i 0 5 7 6 21 
i 2 3 1 0 7 
i 3 4 0 5 6 
i 13 14 2 3 0 
0,{{0,0}2},{{1,0}2} 1,{{0,0}2},{{0,1}2} 2,{{1,0}1},{{1,1}1},{{2,0}1},{{2,1}1} 2,{{1,0}1},{{1,1}1},{{2,0}1},{{2,1}1} 
i 0 1 7 8 22 23 
i 5 0 6 7 21 22 
i 3 2 0 1 7 8 
i 4 3 5 0 6 7 
i 14 13 3 2 0 1 
i 15 14 4 3 5 0 
i 23 22 8 7 1 0 
i 22 21 7 6 0 5 
i 8 7 1 0 2 3 
i 7 6 0 5 3 4 
i 1 0 2 3 13 14 
i 0 5 3 4 14 15 
i 22 23 7 8 0 1 
i 21 22 6 7 5 0 
i 7 8 0 1 3 2 
i 6 7 5 0 4 3 
i 0 1 3 2 14 13 
i 5 0 4 3 15 14 
i 1 0 8 7 23 22 
i 0 5 7 6 22 21 
i 2 3 1 0 8 7 
i 3 4 0 5 7 6 
i 13 14 2 3 1 0 
i 14 15 3 4 0 5 
0,{{0,0}2},{{1,0}2} 1,{{0,1}2},{{0,2}2} 2,{{0,0}1},{{0,1}1},{{1,0}1},{{1,1}1} 2,{{0,0}1},{{0,1}1},{{1,0}1},{{1,1}1} 
i 0 1 10 7 8 
i 5 0 1 6 7 
i 18 5 0 19 6 
i 3 2 11 0 1 
i 4 3 2 5 0 
i 8 7 6 1 0 
i 7 6 19 0 5 
i 10 1 0 11 2 
i 1 0 5 2 3 
i 0 5 18 3 4 
i 7 8 9 0 1 
i 6 7 8 5 0 
i 0 1 10 3 2 
i 5 0 1 4 3 
i 18 5 0 17 4 
i 10 1 0 9 8 
i 1 0 5 8 7 
i 0 5 18 7 6 
i 2 3 4 1 0 
i 3 4 17 0 5 
0,{{0,0}2},{{1,0}2} 0,{{1,0}2},{{2,0}2} 2,{{0,0}1},{{0,1}1},{{1,0}1},{{1,1}1} 2,{{0,0}1},{{0,1}1},{{1,0}1},{{1,1}1} 
i 0 1 7 8 22 
i 5 0 6 7 21 
i 3 2 0 1 7 
i 4 3 5 0 6 
i 14 13 3 2 0 
i 22 21 7 6 0 
i 8 7 1 0 2 
i 7 6 0 5 3 
i 1 0 2 3 13 
i 0 5 3 4 14 
i 22 23 7 8 0 
i 7 8 0 1 3 
i 6 7 5 0 4 
i 0 1 3 2 14 
i 5 0 4 3 15 
i 1 0 8 7 23 
i 0 5 7 6 22 
i 2 3 1 0 8 
i 3 4 0 5 7 
i 14 15 3 4 0 
0,{{0,0}2},{{1,0}2} 0,{{1,1}2},{{2,1}2} 2,{{0,0}1},{{0,1}1},{{1,0}1},{{1,1}1} 2,{{0,0}1},{{0,1}1},{{1,0}1},{{1,1}1} 
i 0 1 7 8 23 
i 5 0 6 7 22 
i 3 2 0 1 8 
i 4 3 5 0 7 
i 15 14 4 3 0 
i 23 22 8 7 0 
i 8 7 1 0 3 
i 7 6 0 5 4 
i 1 0 2 3 14 
i 0 5 3 4 15 
i 21 22 6 7 0 
i 7 8 0 1 2 
i 6 7 5 0 3 
i 0 1 3 2 13 
i 5 0 4 3 14 
i 1 0 8 7 22 
i 0 5 7 6 21 
i 2 3 1 0 7 
i 3 4 0 5 6 
i 13 14 2 3 0 
0,{{0,0}2},{{1,0}2} 0,{{0,1}2},{{1,1}2} 1,{{0,1}2},{{0,2}2} 2,{{0,0}1},{{0,1}1},{{1,0}1},{{1,1}1} 
i 0 1 10 7 8 
i 5 0 1 6 7 
i 18 5 0 19 6 
i 3 2 11 0 1 
i 4 3 2 5 0 
i 8 7 6 1 0 
i 7 6 19 0 5 
i 10 1 0 11 2 
i 1 0 5 2 3 
i 0 5 18 3 4 
i 7 8 9 0 1 
i 6 7 8 5 0 
i 0 1 10 3 2 
i 5 0 1 4 3 
i 18 5 0 17 4 
i 10 1 0 9 8 
i 1 0 5 8 7 
i 0 5 18 7 6 
i 2 3 4 1 0 
i 3 4 17 0 5 
0,{{0,0}2},{{1,0}2} 0,{{0,1}2},{{1,1}2} 0,{{1,0}2},{{2,0}2} 2,{{0,0}1},{{0,1}1},{{1,0}1},{{1,1}1} 
i 0 1 7 8 22 
i 5 0 6 7 21 
i 3 2 0 1 7 
i 4 3 5 0 6 
i 14 13 3 2 0 
i 22 21 7 6 0 
i 8 7 1 0 2 
i 7 6 0 5 3 
i 1 0 2 3 13 
i 0 5 3 4 14 
i 22 23 7 8 0 
i 7 8 0 1 3 
i 6 7 5 0 4 
i 0 1 3 2 14 
i 5 0 4 3 15 
i 1 0 8 7 23 
i 0 5 7 6 22 
i 2 3 1 0 8 
i 3 4 0 5 7 
i 14 15 3 4 0 
0,{{0,0}2},{{1,0}2} 0,{{1,1}2},{{2,1}2} 1,{{0,1}2},{{0,2}2} 2,{{0,0}1},{{0,1}1},{{1,0}1},{{1,1}1} 
i 0 1 10 7 8 23 
i 5 0 1 6 7 22 
i 18 5 0 19 6 21 
i 3 2 11 0 1 8 
i 4 3 2 5 0 7 
i 15 14 13 4 3 0 
i 23 22 21 8 7 0 
i 8 7 6 1 0 3 
i 7 6 19 0 5 4 
i 10 1 0 11 2 13 
i 1 0 5 2 3 14 
i 0 5 18 3 4 15 
i 21 22 23 6 7 0 
i 7 8 9 0 1 2 
i 6 7 8 5 0 3 
i 0 1 10 3 2 13 
i 5 0 1 4 3 14 
i 18 5 0 17 4 15 
i 10 1 0 9 8 23 
i 1 0 5 8 7 22 
i 0 5 18 7 6 21 
i 2 3 4 1 0 7 
i 3 4 17 0 5 6 
i 13 14 15 2 3 0 
0,{{0,0}2},{{1,0}2} 1,{{0,1}2},{{0,2}2} 1,{{1,1}2},{{1,2}2} 2,{{0,0}1},{{0,1}1},{{1,0}1},{{1,1}1} 
i 0 1 10 7 8 9 
i 5 0 1 6 7 8 
i 18 5 0 19 6 7 
i 3 2 11 0 1 10 
i 4 3 2 5 0 1 
i 17 4 3 18 5 0 
i 9 8 7 10 1 0 
i 8 7 6 1 0 5 
i 7 6 19 0 5 18 
i 10 1 0 11 2 3 
i 1 0 5 2 3 4 
i 0 5 18 3 4 17 
0,{{0,0}2},{{1,0}2} 2,{{0,0}1},{{0,1}1},{{1,0}1},{{1,1}1} 2,{{0,1}1},{{0,2}1},{{1,1}1},{{1,2}1} 2,{{0,1}1},{{0,2}1},{{1,1}1},{{1,2}1} 
i 0 1 10 7 8 9 
i 5 0 1 6 7 8 
i 18 5 0 19 6 7 
i 3 2 11 0 1 10 
i 4 3 2 5 0 1 
i 17 4 3 18 5 0 
i 9 8 7 10 1 0 
i 8 7 6 1 0 5 
i 7 6 19 0 5 18 
i 10 1 0 11 2 3 
i 1 0 5 2 3 4 
i 0 5 18 3 4 17 
0,{{0,0}2},{{1,0}2} 0,{{0,2}2},{{1,2}2} 2,{{0,0}1},{{0,1}1},{{1,0}1},{{1,1}1} 2,{{0,1}1},{{0,2}1},{{1,1}1},{{1,2}1} 
i 0 1 10 7 8 9 
i 5 0 1 6 7 8 
i 18 5 0 19 6 7 
i 3 2 11 0 1 10 
i 4 3 2 5 0 1 
i 17 4 3 18 5 0 
0,{{0,0}2},{{1,0}2} 0,{{1,0}2},{{2,0}2} 0,{{1,1}2},{{2,1}2} 1,{{1,0}2},{{1,1}2} 
i 0 7 8 22 23 
i 3 0 1 7 8 
i 4 5 0 6 7 
i 14 3 2 0 1 
i 15 4 3 5 0 
i 23 8 7 1 0 
i 22 7 6 0 5 
i 8 1 0 2 3 
i 7 0 5 3 4 
i 0 3 4 14 15 
i 22 7 8 0 1 
i 21 6 7 5 0 
i 7 0 1 3 2 
i 6 5 0 4 3 
i 0 3 2 14 13 
i 0 7 6 22 21 
i 2 1 0 8 7 
i 3 0 5 7 6 
i 13 2 3 1 0 
i 14 3 4 0 5 
0,{{0,0}2},{{1,0}2} 0,{{1,0}2},{{2,0}2} 1,{{1,0}2},{{1,1}2} 1,{{1,1}2},{{1,2}2} 
i 0 7 8 9 22 
i 3 0 1 10 7 
i 4 5 0 1 6 
i 17 18 5 0 19 
i 14 3 2 11 0 
i 22 7 6 19 0 
i 9 10 1 0 11 
i 8 1 0 5 2 
i 7 0 5 18 3 
i 0 3 4 17 14 
0,{{0,0}2},{{1,0}2} 0,{{1,0}2},{{2,0}2} 0,{{2,0}2},{{3,0}2} 1,{{1,0}2},{{1,1}2} 
i 0 7 8 22 45 
i 3 0 1 7 22 
i 4 5 0 6 21 
i 14 3 2 0 7 
i 33 14 13 3 0 
i 45 22 21 7 0 
i 22 7 6 0 3 
i 8 1 0 2 13 
i 7 0 5 3 14 
i 0 3 4 14 33 
i 45 22 23 7 0 
i 22 7 8 0 3 
i 7 0 1 3 14 
i 6 5 0 4 15 
i 0 3 2 14 33 
i 0 7 6 22 45 
i 2 1 0 8 23 
i 3 0 5 7 22 
i 14 3 4 0 7 
i 33 14 15 3 0 
0,{{0,0}2},{{1,0}2} 0,{{1,0}2},{{2,0}2} 0,{{2,0}2},{{3,0}2} 0,{{3,0}2},{{4,0}2} 
i 0 7 22 45 76 
i 3 0 7 22 45 
i 14 3 0 7 22 
i 33 14 3 0 7 
i 60 33 14 3 0 
0,{{0,0}2},{{1,0}2} 0,{{1,0}2},{{2,0}2} 0,{{2,1}2},{{3,1}2} 1,{{2,0}2},{{2,1}2} 
i 0 7 22 23 46 
i 3 0 7 8 23 
i 14 3 0 1 8 
i 15 4 5 0 7 
i 34 15 4 3 0 
i 46 23 8 7 0 
i 23 8 1 0 3 
i 22 7 0 5 4 
i 7 0 3 4 15 
i 0 3 14 15 34 
i 44 21 6 7 0 
i 22 7 0 1 2 
i 21 6 5 0 3 
i 7 0 3 2 13 
i 0 3 14 13 32 
i 0 7 22 21 44 
i 3 0 7 6 21 
i 13 2 1 0 7 
i 14 3 0 5 6 
i 32 13 2 3 0 
0,{{0,0}2},{{1,0}2} 0,{{1,0}2},{{2,0}2} 2,{{2,0}1},{{2,1}1},{{3,0}1},{{3,1}1} 2,{{2,0}1},{{2,1}1},{{3,0}1},{{3,1}1} 
i 0 7 22 23 45 46 
i 3 0 7 8 22 23 
i 14 3 0 1 7 8 
i 15 4 5 0 6 7 
i 33 14 3 2 0 1 
i 34 15 4 3 5 0 
i 46 23 8 7 1 0 
i 45 22 7 6 0 5 
i 23 8 1 0 2 3 
i 22 7 0 5 3 4 
i 7 0 3 4 14 15 
i 0 3 14 15 33 34 
i 45 22 7 8 0 1 
i 44 21 6 7 5 0 
i 22 7 0 1 3 2 
i 21 6 5 0 4 3 
i 7 0 3 2 14 13 
i 0 3 14 13 33 32 
i 0 7 22 21 45 44 
i 3 0 7 6 22 21 
i 13 2 1 0 8 7 
i 14 3 0 5 7 6 
i 32 13 2 3 1 0 
i 33 14 3 4 0 5 
0,{{0,0}2},{{1,0}2} 1,{{1,0}2},{{1,1}2} 2,{{1,0}1},{{1,1}1},{{2,0}1},{{2,1}1} 2,{{1,0}1},{{1,1}1},{{2,0}1},{{2,1}1} 
i 0 7 8 22 23 
i 3 0 1 7 8 
i 4 5 0 6 7 
i 14 3 2 0 1 
i 15 4 3 5 0 
i 23 8 7 1 0 
i 22 7 6 0 5 
i 8 1 0 2 3 
i 7 0 5 3 4 
i 0 3 4 14 15 
i 22 7 8 0 1 
i 21 6 7 5 0 
i 7 0 1 3 2 
i 6 5 0 4 3 
i 0 3 2 14 13 
i 0 7 6 22 21 
i 2 1 0 8 7 
i 3 0 5 7 6 
i 13 2 3 1 0 
i 14 3 4 0 5 
0,{{0,0}2},{{1,0}2} 1,{{1,0}2},{{1,1}2} 1,{{2,0}2},{{2,1}2} 2,{{1,0}1},{{1,1}1},{{2,0}1},{{2,1}1} 
i 0 7 8 22 23 
i 3 0 1 7 8 
i 4 5 0 6 7 
i 14 3 2 0 1 
i 15 4 3 5 0 
i 23 8 7 1 0 
i 22 7 6 0 5 
i 8 1 0 2 3 
i 7 0 5 3 4 
i 0 3 4 14 15 
i 22 7 8 0 1 
i 21 6 7 5 0 
i 7 0 1 3 2 
i 6 5 0 4 3 
i 0 3 2 14 13 
i 0 7 6 22 21 
i 2 1 0 8 7 
i 3 0 5 7 6 
i 13 2 3 1 0 
i 14 3 4 0 5 
0,{{0,0}2},{{1,0}2} 0,{{1,1}2},{{2,1}2} 1,{{1,0}2},{{1,1}2} 1,{{1,1}2},{{1,2}2} 
i 0 7 8 9 23 
i 3 0 1 10 8 
i 4 5 0 1 7 
i 17 18 5 0 6 
i 15 4 3 2 0 
i 23 8 7 6 0 
i 9 10 1 0 2 
i 8 1 0 5 3 
i 7 0 5 18 4 
i 0 3 4 17 15 
i 21 6 7 8 0 
i 7 0 1 10 2 
i 6 5 0 1 3 
i 19 18 5 0 4 
i 0 3 2 11 13 
i 0 7 6 19 21 
i 11 10 1 0 8 
i 2 1 0 5 7 
i 3 0 5 18 6 
i 13 2 3 4 0 
0,{{0,0}2},{{1,0}2} 0,{{1,1}2},{{2,1}2} 1,{{1,0}2},{{1,1}2} 1,{{2,1}2},{{2,2}2} 
i 0 7 8 23 24 
i 3 0 1 8 9 
i 4 5 0 7 8 
i 15 4 3 0 1 
i 16 17 4 5 0 
i 24 9 8 1 0 
i 23 8 7 0 5 
i 8 1 0 3 4 
i 7 0 5 4 17 
i 0 3 4 15 16 
i 21 6 7 0 1 
i 20 19 6 5 0 
i 7 0 1 2 11 
i 6 5 0 3 2 
i 0 3 2 13 12 
i 0 7 6 21 20 
i 2 1 0 7 6 
i 3 0 5 6 19 
i 12 11 2 1 0 
i 13 2 3 0 5 
0,{{0,0}2},{{1,0}2} 0,{{1,2}2},{{2,2}2} 1,{{1,0}2},{{1,1}2} 1,{{1,1}2},{{1,2}2} 
i 0 7 8 9 24 
i 3 0 1 10 9 
i 4 5 0 1 8 
i 17 18 5 0 7 
i 16 17 4 3 0 
i 20 19 6 7 0 
i 7 0 1 10 11 
i 6 5 0 1 2 
i 19 18 5 0 3 
i 0 3 2 11 12 
0,{{0,0}2},{{1,0}2} 1,{{1,0}2},{{1,1}2} 2,{{1,1}1},{{1,2}1},{{2,1}1},{{2,2}1} 2,{{1,1}1},{{1,2}1},{{2,1}1},{{2,2}1} 
i 0 7 8 9 23 24 
i 3 0 1 10 8 9 
i 4 5 0 1 7 8 
i 17 18 5 0 6 7 
i 15 4 3 2 0 1 
i 16 17 4 3 5 0 
i 24 9 8 7 1 0 
i 23 8 7 6 0 5 
i 9 10 1 0 2 3 
i 8 1 0 5 3 4 
i 7 0 5 18 4 17 
i 0 3 4 17 15 16 
i 21 6 7 8 0 1 
i 20 19 6 7 5 0 
i 7 0 1 10 2 11 
i 6 5 0 1 3 2 
i 19 18 5 0 4 3 
i 0 3 2 11 13 12 
i 0 7 6 19 21 20 
i 11 10 1 0 8 7 
i 2 1 0 5 7 6 
i 3 0 5 18 6 19 
i 12 11 2 3 1 0 
i 13 2 3 4 0 5 
0,{{0,0}2},{{1,0}2} 1,{{1,1}2},{{1,2}2} 2,{{1,0}1},{{1,1}1},{{2,0}1},{{2,1}1} 2,{{1,0}1},{{1,1}1},{{2,0}1},{{2,1}1} 
i 0 7 8 9 22 23 
i 3 0 1 10 7 8 
i 4 5 0 1 6 7 
i 17 18 5 0 19 6 
i 14 3 2 11 0 1 
i 15 4 3 2 5 0 
i 23 8 7 6 1 0 
i 22 7 6 19 0 5 
i 9 10 1 0 11 2 
i 8 1 0 5 2 3 
i 7 0 5 18 3 4 
i 0 3 4 17 14 15 
i 22 7 8 9 0 1 
i 21 6 7 8 5 0 
i 7 0 1 10 3 2 
i 6 5 0 1 4 3 
i 19 18 5 0 17 4 
i 0 3 2 11 14 13 
i 0 7 6 19 22 21 
i 11 10 1 0 9 8 
i 2 1 0 5 8 7 
i 3 0 5 18 7 6 
i 13 2 3 4 1 0 
i 14 3 4 17 0 5 
0,{{0,0}2},{{1,0}2} 0,{{2,0}2},{{3,0}2} 2,{{1,0}1},{{1,1}1},{{2,0}1},{{2,1}1} 2,{{1,0}1},{{1,1}1},{{2,0}1},{{2,1}1} 
i 0 7 8 22 23 45 
i 3 0 1 7 8 22 
i 4 5 0 6 7 21 
i 14 3 2 0 1 7 
i 15 4 3 5 0 6 
i 33 14 13 3 2 0 
i 45 22 21 7 6 0 
i 23 8 7 1 0 2 
i 22 7 6 0 5 3 
i 8 1 0 2 3 13 
i 7 0 5 3 4 14 
i 0 3 4 14 15 33 
0,{{0,0}2},{{1,0}2} 1,{{2,0}2},{{2,1}2} 2,{{1,0}1},{{1,1}1},{{2,0}1},{{2,1}1} 2,{{1,0}1},{{1,1}1},{{2,0}1},{{2,1}1} 
i 0 7 8 22 23 
i 3 0 1 7 8 
i 4 5 0 6 7 
i 14 3 2 0 1 
i 15 4 3 5 0 
i 23 8 7 1 0 
i 22 7 6 0 5 
i 8 1 0 2 3 
i 7 0 5 3 4 
i 0 3 4 14 15 
i 22 7 8 0 1 
i 21 6 7 5 0 
i 7 0 1 3 2 
i 6 5 0 4 3 
i 0 3 2 14 13 
i 0 7 6 22 21 
i 2 1 0 8 7 
i 3 0 5 7 6 
i 13 2 3 1 0 
i 14 3 4 0 5 
0,{{0,0}2},{{1,0}2} 0,{{2,1}2},{{3,1}2} 2,{{1,0}1},{{1,1}1},{{2,0}1},{{2,1}1} 2,{{1,0}1},{{1,1}1},{{2,0}1},{{2,1}1} 
i 0 7 8 22 23 46 
i 3 0 1 7 8 23 
i 4 5 0 6 7 22 
i 14 3 2 0 1 8 
i 15 4 3 5 0 7 
i 34 15 14 4 3 0 
i 44 21 22 6 7 0 
i 22 7 8 0 1 2 
i 21 6 7 5 0 3 
i 7 0 1 3 2 13 
i 6 5 0 4 3 14 
i 0 3 2 14 13 32 
0,{{0,0}2},{{1,0}2} 1,{{2,1}2},{{2,2}2} 2,{{1,0}1},{{1,1}1},{{2,0}1},{{2,1}1} 2,{{1,0}1},{{1,1}1},{{2,0}1},{{2,1}1} 
i 0 7 8 22 23 24 
i 3 0 1 7 8 9 
i 4 5 0 6 7 8 
i 14 3 2 0 1 10 
i 15 4 3 5 0 1 
i 16 17 4 18 5 0 
i 24 9 8 10 1 0 
i 23 8 7 1 0 5 
i 22 7 6 0 5 18 
i 8 1 0 2 3 4 
i 7 0 5 3 4 17 
i 0 3 4 14 15 16 
i 22 7 8 0 1 10 
i 21 6 7 5 0 1 
i 20 19 6 18 5 0 
i 7 0 1 3 2 11 
i 6 5 0 4 3 2 
i 0 3 2 14 13 12 
i 0 7 6 22 21 20 
i 2 1 0 8 7 6 
i 3 0 5 7 6 19 
i 12 11 2 10 1 0 
i 13 2 3 1 0 5 
i 14 3 4 0 5 18 
0,{{0,0}2},{{1,0}2} 0,{{1,1}2},{{2,1}2} 0,{{2,0}2},{{3,0}2} 2,{{1,0}1},{{1,1}1},{{2,0}1},{{2,1}1} 
i 0 7 8 22 23 45 
i 3 0 1 7 8 22 
i 4 5 0 6 7 21 
i 14 3 2 0 1 7 
i 15 4 3 5 0 6 
i 33 14 13 3 2 0 
i 45 22 21 7 6 0 
i 23 8 7 1 0 2 
i 22 7 6 0 5 3 
i 8 1 0 2 3 13 
i 7 0 5 3 4 14 
i 0 3 4 14 15 33 
0,{{0,0}2},{{1,0}2} 1,{{1,1}2},{{1,2}2} 1,{{2,0}2},{{2,1}2} 2,{{1,0}1},{{1,1}1},{{2,0}1},{{2,1}1} 
i 0 7 8 9 22 23 
i 3 0 1 10 7 8 
i 4 5 0 1 6 7 
i 17 18 5 0 19 6 
i 14 3 2 11 0 1 
i 15 4 3 2 5 0 
i 23 8 7 6 1 0 
i 22 7 6 19 0 5 
i 9 10 1 0 11 2 
i 8 1 0 5 2 3 
i 7 0 5 18 3 4 
i 0 3 4 17 14 15 
i 22 7 8 9 0 1 
i 21 6 7 8 5 0 
i 7 0 1 10 3 2 
i 6 5 0 1 4 3 
i 19 18 5 0 17 4 
i 0 3 2 11 14 13 
i 0 7 6 19 22 21 
i 11 10 1 0 9 8 
i 2 1 0 5 8 7 
i 3 0 5 18 7 6 
i 13 2 3 4 1 0 
i 14 3 4 17 0 5 
1,{{0,0}2},{{0,1}2} 1,{{0,1}2},{{0,2}2} 2,{{0,0}1},{{0,1}1},{{1,0}1},{{1,1}1} 2,{{0,0}1},{{0,1}1},{{1,0}1},{{1,1}1} 
i 0 1 10 7 8 
i 5 0 1 6 7 
i 18 5 0 19 6 
i 3 2 11 0 1 
i 4 3 2 5 0 
i 8 7 6 1 0 
i 7 6 19 0 5 
i 10 1 0 11 2 
i 1 0 5 2 3 
i 0 5 18 3 4 
i 7 8 9 0 1 
i 6 7 8 5 0 
i 0 1 10 3 2 
i 5 0 1 4 3 
i 18 5 0 17 4 
i 10 1 0 9 8 
i 1 0 5 8 7 
i 0 5 18 7 6 
i 2 3 4 1 0 
i 3 4 17 0 5 
1,{{0,0}2},{{0,1}2} 1,{{1,1}2},{{1,2}2} 2,{{0,0}1},{{0,1}1},{{1,0}1},{{1,1}1} 2,{{0,0}1},{{0,1}1},{{1,0}1},{{1,1}1} 
i 0 1 7 8 9 
i 5 0 6 7 8 
i 3 2 0 1 10 
i 4 3 5 0 1 
i 17 4 18 5 0 
i 9 8 10 1 0 
i 8 7 1 0 5 
i 7 6 0 5 18 
i 1 0 2 3 4 
i 0 5 3 4 17 
i 7 8 0 1 10 
i 6 7 5 0 1 
i 19 6 18 5 0 
i 0 1 3 2 11 
i 5 0 4 3 2 
i 1 0 8 7 6 
i 0 5 7 6 19 
i 11 2 10 1 0 
i 2 3 1 0 5 
i 3 4 0 5 18 
1,{{0,0}2},{{0,1}2} 1,{{0,1}2},{{0,2}2} 1,{{1,0}2},{{1,1}2} 2,{{0,0}1},{{0,1}1},{{1,0}1},{{1,1}1} 
i 0 1 10 7 8 
i 5 0 1 6 7 
i 18 5 0 19 6 
i 3 2 11 0 1 
i 4 3 2 5 0 
i 8 7 6 1 0 
i 7 6 19 0 5 
i 10 1 0 11 2 
i 1 0 5 2 3 
i 0 5 18 3 4 
i 7 8 9 0 1 
i 6 7 8 5 0 
i 0 1 10 3 2 
i 5 0 1 4 3 
i 18 5 0 17 4 
i 10 1 0 9 8 
i 1 0 5 8 7 
i 0 5 18 7 6 
i 2 3 4 1 0 
i 3 4 17 0 5 
0,{{1,0}2},{{2,0}2} 0,{{1,1}2},{{2,1}2} 1,{{0,0}2},{{0,1}2} 2,{{0,0}1},{{0,1}1},{{1,0}1},{{1,1}1} 
i 0 1 7 8 22 23 
i 5 0 6 7 21 22 
i 3 2 0 1 7 8 
i 4 3 5 0 6 7 
i 14 13 3 2 0 1 
i 15 14 4 3 5 0 
i 23 22 8 7 1 0 
i 22 21 7 6 0 5 
i 8 7 1 0 2 3 
i 7 6 0 5 3 4 
i 1 0 2 3 13 14 
i 0 5 3 4 14 15 
1,{{0,0}2},{{0,1}2} 2,{{0,0}1},{{0,1}1},{{1,0}1},{{1,1}1} 2,{{1,0}1},{{1,1}1},{{2,0}1},{{2,1}1} 2,{{1,0}1},{{1,1}1},{{2,0}1},{{2,1}1} 
i 0 1 7 8 22 23 
i 5 0 6 7 21 22 
i 3 2 0 1 7 8 
i 4 3 5 0 6 7 
i 14 13 3 2 0 1 
i 15 14 4 3 5 0 
i 23 22 8 7 1 0 
i 22 21 7 6 0 5 
i 8 7 1 0 2 3 
i 7 6 0 5 3 4 
i 1 0 2 3 13 14 
i 0 5 3 4 14 15 
1,{{0,0}2},{{0,1}2} 1,{{2,0}2},{{2,1}2} 2,{{0,0}1},{{0,1}1},{{1,0}1},{{1,1}1} 2,{{1,0}1},{{1,1}1},{{2,0}1},{{2,1}1} 
i 0 1 7 8 22 23 
i 5 0 6 7 21 22 
i 3 2 0 1 7 8 
i 4 3 5 0 6 7 
i 14 13 3 2 0 1 
i 15 14 4 3 5 0 
0,{{0,1}2},{{1,1}2} 1,{{0,0}2},{{0,1}2} 1,{{0,1}2},{{0,2}2} 1,{{0,2}2},{{0,3}2} 
i 0 1 10 27 8 
i 5 0 1 10 7 
i 18 5 0 1 6 
i 39 18 5 0 19 
i 4 3 2 11 0 
i 8 7 6 19 0 
i 27 10 1 0 11 
i 10 1 0 5 2 
i 1 0 5 18 3 
i 0 5 18 39 4 
i 6 7 8 9 0 
i 0 1 10 27 2 
i 5 0 1 10 3 
i 18 5 0 1 4 
i 39 18 5 0 17 
i 27 10 1 0 9 
i 10 1 0 5 8 
i 1 0 5 18 7 
i 0 5 18 39 6 
i 2 3 4 17 0 
0,{{0,1}2},{{1,1}2} 0,{{1,1}2},{{2,1}2} 1,{{0,0}2},{{0,1}2} 1,{{0,1}2},{{0,2}2} 
i 0 1 10 8 23 
i 5 0 1 7 22 
i 18 5 0 6 21 
i 4 3 2 0 7 
i 15 14 13 3 0 
i 23 22 21 7 0 
i 8 7 6 0 3 
i 10 1 0 2 13 
i 1 0 5 3 14 
i 0 5 18 4 15 
0,{{0,1}2},{{1,1}2} 1,{{0,0}2},{{0,1}2} 1,{{0,1}2},{{0,2}2} 1,{{1,1}2},{{1,2}2} 
i 0 1 10 8 9 
i 5 0 1 7 8 
i 18 5 0 6 7 
i 4 3 2 0 1 
i 17 4 3 5 0 
i 9 8 7 1 0 
i 8 7 6 0 5 
i 10 1 0 2 3 
i 1 0 5 3 4 
i 0 5 18 4 17 
i 6 7 8 0 1 
i 19 6 7 5 0 
i 0 1 10 2 11 
i 5 0 1 3 2 
i 18 5 0 4 3 
i 10 1 0 8 7 
i 1 0 5 7 6 
i 0 5 18 6 19 
i 11 2 3 1 0 
i 2 3 4 0 5 
0,{{0,1}2},{{1,1}2} 1,{{0,0}2},{{0,1}2} 2,{{0,1}1},{{0,2}1},{{1,1}1},{{1,2}1} 2,{{0,1}1},{{0,2}1},{{1,1}1},{{1,2}1} 
i 0 1 10 8 9 
i 5 0 1 7 8 
i 18 5 0 6 7 
i 4 3 2 0 1 
i 17 4 3 5 0 
i 9 8 7 1 0 
i 8 7 6 0 5 
i 10 1 0 2 3 
i 1 0 5 3 4 
i 0 5 18 4 17 
i 6 7 8 0 1 
i 19 6 7 5 0 
i 0 1 10 2 11 
i 5 0 1 3 2 
i 18 5 0 4 3 
i 10 1 0 8 7 
i 1 0 5 7 6 
i 0 5 18 6 19 
i 11 2 3 1 0 
i 2 3 4 0 5 
0,{{0,1}2},{{1,1}2} 0,{{1,1}2},{{2,1}2} 1,{{0,0}2},{{0,1}2} 1,{{1,1}2},{{1,2}2} 
i 0 1 8 9 23 
i 5 0 7 8 22 
i 4 3 0 1 7 
i 17 4 5 0 6 
i 15 14 3 2 0 
i 23 22 7 6 0 
i 9 8 1 0 2 
i 8 7 0 5 3 
i 1 0 3 4 14 
i 0 5 4 17 15 
i 21 22 7 8 0 
i 6 7 0 1 3 
i 19 6 5 0 4 
i 0 1 2 11 13 
i 5 0 3 2 14 
i 1 0 7 6 22 
i 0 5 6 19 21 
i 11 2 1 0 8 
i 2 3 0 5 7 
i 13 14 3 4 0 
0,{{0,1}2},{{1,1}2} 0,{{1,1}2},{{2,1}2} 1,{{0,0}2},{{0,1}2} 1,{{2,1}2},{{2,2}2} 
i 0 1 8 23 24 
i 5 0 7 22 23 
i 4 3 0 7 8 
i 15 14 3 0 1 
i 16 15 4 5 0 
i 21 22 7 0 1 
i 20 21 6 5 0 
i 6 7 0 3 2 
i 0 1 2 13 12 
i 5 0 3 14 13 
0,{{0,1}2},{{1,1}2} 1,{{0,0}2},{{0,1}2} 1,{{1,1}2},{{1,2}2} 1,{{1,2}2},{{1,3}2} 
i 0 1 8 9 26 
i 5 0 7 8 9 
i 4 3 0 1 10 
i 17 4 5 0 1 
i 38 17 18 5 0 
i 26 9 10 1 0 
i 9 8 1 0 5 
i 8 7 0 5 18 
i 1 0 3 4 17 
i 0 5 4 17 38 
i 6 7 0 1 10 
i 19 6 5 0 1 
i 40 19 18 5 0 
i 0 1 2 11 28 
i 5 0 3 2 11 
i 1 0 7 6 19 
i 0 5 6 19 40 
i 28 11 10 1 0 
i 11 2 1 0 5 
i 2 3 0 5 18 
0,{{0,1}2},{{1,1}2} 1,{{0,0}2},{{0,1}2} 2,{{1,1}1},{{1,2}1},{{2,1}1},{{2,2}1} 2,{{1,1}1},{{1,2}1},{{2,1}1},{{2,2}1} 
i 0 1 8 9 23 24 
i 5 0 7 8 22 23 
i 4 3 0 1 7 8 
i 17 4 5 0 6 7 
i 15 14 3 2 0 1 
i 16 15 4 3 5 0 
i 24 23 8 7 1 0 
i 23 22 7 6 0 5 
i 9 8 1 0 2 3 
i 8 7 0 5 3 4 
i 1 0 3 4 14 15 
i 0 5 4 17 15 16 
i 21 22 7 8 0 1 
i 20 21 6 7 5 0 
i 6 7 0 1 3 2 
i 19 6 5 0 4 3 
i 0 1 2 11 13 12 
i 5 0 3 2 14 13 
i 1 0 7 6 22 21 
i 0 5 6 19 21 20 
i 11 2 1 0 8 7 
i 2 3 0 5 7 6 
i 12 13 2 3 1 0 
i 13 14 3 4 0 5 
1,{{0,0}2},{{0,1}2} 1,{{0,1}2},{{0,2}2} 1,{{0,2}2},{{0,3}2} 1,{{0,3}2},{{0,4}2} 
i 0 1 10 27 52 
i 5 0 1 10 27 
i 18 5 0 1 10 
i 39 18 5 0 1 
i 68 39 18 5 0 
1,{{0,0}2},{{0,1}2} 1,{{0,1}2},{{0,2}2} 2,{{0,2}1},{{0,3}1},{{1,2}1},{{1,3}1} 2,{{0,2}1},{{0,3}1},{{1,2}1},{{1,3}1} 
i 0 1 10 27 9 26 
i 5 0 1 10 8 9 
i 18 5 0 1 7 8 
i 39 18 5 0 6 7 
i 17 4 3 2 0 1 
i 38 17 4 3 5 0 
i 26 9 8 7 1 0 
i 9 8 7 6 0 5 
i 27 10 1 0 2 3 
i 10 1 0 5 3 4 
i 1 0 5 18 4 17 
i 0 5 18 39 17 38 
i 19 6 7 8 0 1 
i 40 19 6 7 5 0 
i 0 1 10 27 11 28 
i 5 0 1 10 2 11 
i 18 5 0 1 3 2 
i 39 18 5 0 4 3 
i 27 10 1 0 8 7 
i 10 1 0 5 7 6 
i 1 0 5 18 6 19 
i 0 5 18 39 19 40 
i 28 11 2 3 1 0 
i 11 2 3 4 0 5 
1,{{0,0}2},{{0,1}2} 1,{{0,2}2},{{0,3}2} 2,{{0,1}1},{{0,2}1},{{1,1}1},{{1,2}1} 2,{{0,1}1},{{0,2}1},{{1,1}1},{{1,2}1} 
i 0 1 10 27 8 9 
i 5 0 1 10 7 8 
i 18 5 0 1 6 7 
i 39 18 5 0 19 6 
i 4 3 2 11 0 1 
i 17 4 3 2 5 0 
i 9 8 7 6 1 0 
i 8 7 6 19 0 5 
i 27 10 1 0 11 2 
i 10 1 0 5 2 3 
i 1 0 5 18 3 4 
i 0 5 18 39 4 17 
0,{{1,1}2},{{2,1}2} 1,{{0,0}2},{{0,1}2} 2,{{0,1}1},{{0,2}1},{{1,1}1},{{1,2}1} 2,{{0,1}1},{{0,2}1},{{1,1}1},{{1,2}1} 
i 0 1 10 8 9 23 
i 5 0 1 7 8 22 
i 18 5 0 6 7 21 
i 4 3 2 0 1 7 
i 17 4 3 5 0 6 
i 15 14 13 3 2 0 
i 23 22 21 7 6 0 
i 9 8 7 1 0 2 
i 8 7 6 0 5 3 
i 10 1 0 2 3 13 
i 1 0 5 3 4 14 
i 0 5 18 4 17 15 
i 21 22 23 7 8 0 
i 6 7 8 0 1 3 
i 19 6 7 5 0 4 
i 0 1 10 2 11 13 
i 5 0 1 3 2 14 
i 18 5 0 4 3 15 
i 10 1 0 8 7 23 
i 1 0 5 7 6 22 
i 0 5 18 6 19 21 
i 11 2 3 1 0 8 
i 2 3 4 0 5 7 
i 13 14 15 3 4 0 
1,{{0,0}2},{{0,1}2} 1,{{1,2}2},{{1,3}2} 2,{{0,1}1},{{0,2}1},{{1,1}1},{{1,2}1} 2,{{0,1}1},{{0,2}1},{{1,1}1},{{1,2}1} 
i 0 1 10 8 9 26 
i 5 0 1 7 8 9 
i 18 5 0 6 7 8 
i 4 3 2 0 1 10 
i 17 4 3 5 0 1 
i 38 17 4 18 5 0 
i 6 7 8 0 1 10 
i 19 6 7 5 0 1 
i 40 19 6 18 5 0 
i 0 1 10 2 11 28 
i 5 0 1 3 2 11 
i 18 5 0 4 3 2 
1,{{0,0}2},{{0,1}2} 1,{{0,2}2},{{0,3}2} 1,{{1,1}2},{{1,2}2} 2,{{0,1}1},{{0,2}1},{{1,1}1},{{1,2}1} 
i 0 1 10 27 8 9 
i 5 0 1 10 7 8 
i 18 5 0 1 6 7 
i 39 18 5 0 19 6 
i 4 3 2 11 0 1 
i 17 4 3 2 5 0 
i 9 8 7 6 1 0 
i 8 7 6 19 0 5 
i 27 10 1 0 11 2 
i 10 1 0 5 2 3 
i 1 0 5 18 3 4 
i 0 5 18 39 4 17 
1,{{0,1}2},{{0,2}2} 1,{{1,1}2},{{1,2}2} 2,{{0,0}1},{{0,1}1},{{1,0}1},{{1,1}1} 2,{{0,0}1},{{0,1}1},{{1,0}1},{{1,1}1} 
i 0 1 10 7 8 9 
i 5 0 1 6 7 8 
i 18 5 0 19 6 7 
i 3 2 11 0 1 10 
i 4 3 2 5 0 1 
i 17 4 3 18 5 0 
i 9 8 7 10 1 0 
i 8 7 6 1 0 5 
i 7 6 19 0 5 18 
i 10 1 0 11 2 3 
i 1 0 5 2 3 4 
i 0 5 18 3 4 17 
2,{{0,0}1},{{0,1}1},{{1,0}1},{{1,1}1} 2,{{0,0}1},{{0,1}1},{{1,0}1},{{1,1}1} 2,{{0,1}1},{{0,2}1},{{1,1}1},{{1,2}1} 2,{{0,1}1},{{0,2}1},{{1,1}1},{{1,2}1} 
i 0 1 10 7 8 9 
i 5 0 1 6 7 8 
i 18 5 0 19 6 7 
i 3 2 11 0 1 10 
i 4 3 2 5 0 1 
i 17 4 3 18 5 0 
0,{{1,0}2},{{2,0}2} 0,{{1,1}2},{{2,1}2} 2,{{0,0}1},{{0,1}1},{{1,0}1},{{1,1}1} 2,{{0,0}1},{{0,1}1},{{1,0}1},{{1,1}1} 
i 0 1 7 8 22 23 
i 5 0 6 7 21 22 
i 3 2 0 1 7 8 
i 4 3 5 0 6 7 
i 14 13 3 2 0 1 
i 15 14 4 3 5 0 
i 23 22 8 7 1 0 
i 22 21 7 6 0 5 
i 8 7 1 0 2 3 
i 7 6 0 5 3 4 
i 1 0 2 3 13 14 
i 0 5 3 4 14 15 
2,{{0,0}1},{{0,1}1},{{1,0}1},{{1,1}1} 2,{{0,0}1},{{0,1}1},{{1,0}1},{{1,1}1} 2,{{1,0}1},{{1,1}1},{{2,0}1},{{2,1}1} 2,{{1,0}1},{{1,1}1},{{2,0}1},{{2,1}1} 
i 0 1 7 8 22 23 
i 5 0 6 7 21 22 
i 3 2 0 1 7 8 
i 4 3 5 0 6 7 
i 14 13 3 2 0 1 
i 15 14 4 3 5 0 
0,{{1,1}2},{{2,1}2} 1,{{1,1}2},{{1,2}2} 2,{{0,0}1},{{0,1}1},{{1,0}1},{{1,1}1} 2,{{0,0}1},{{0,1}1},{{1,0}1},{{1,1}1} 
i 0 1 7 8 9 23 
i 5 0 6 7 8 22 
i 3 2 0 1 10 8 
i 4 3 5 0 1 7 
i 17 4 18 5 0 6 
i 15 14 4 3 2 0 
i 23 22 8 7 6 0 
i 9 8 10 1 0 2 
i 8 7 1 0 5 3 
i 7 6 0 5 18 4 
i 1 0 2 3 4 14 
i 0 5 3 4 17 15 
i 21 22 6 7 8 0 
i 7 8 0 1 10 2 
i 6 7 5 0 1 3 
i 19 6 18 5 0 4 
i 0 1 3 2 11 13 
i 5 0 4 3 2 14 
i 1 0 8 7 6 22 
i 0 5 7 6 19 21 
i 11 2 10 1 0 8 
i 2 3 1 0 5 7 
i 3 4 0 5 18 6 
i 13 14 2 3 4 0 
2,{{0,0}1},{{0,1}1},{{1,0}1},{{1,1}1} 2,{{0,0}1},{{0,1}1},{{1,0}1},{{1,1}1} 2,{{1,1}1},{{1,2}1},{{2,1}1},{{2,2}1} 2,{{1,1}1},{{1,2}1},{{2,1}1},{{2,2}1} 
i 0 1 7 8 9 23 24 
i 5 0 6 7 8 22 23 
i 3 2 0 1 10 8 9 
i 4 3 5 0 1 7 8 
i 17 4 18 5 0 6 7 
i 15 14 4 3 2 0 1 
i 16 15 17 4 3 5 0 
i 21 22 6 7 8 0 1 
i 20 21 19 6 7 5 0 
i 7 8 0 1 10 2 11 
i 6 7 5 0 1 3 2 
i 19 6 18 5 0 4 3 
i 0 1 3 2 11 13 12 
i 5 0 4 3 2 14 13 
