32
{{0,0,0,0,0,0,0,0,0,0,0,0,0,0,0,0,0,0,0,0,0,0,-0.0009866826*J1^2*Q^2+0.0009866826*J1^1*Q^3+-0.0001850030*Q^4+0,0,0,0,0,0,0,0,0,-0.0003288942*J1^2*Q^2+0.0004933413*J1^1*Q^3+-0.0001850030*Q^4+0},
{0,0,0,0,0,0,0,0,0,0,0,0,0,0,0,0,0,0,0,0,0,0,0,-0.0009866826*J1^2*Q^2+0.0009866826*J1^1*Q^3+-0.0001850030*Q^4+0,0,0,0,0,0,0,-0.0003288942*J1^2*Q^2+0.0004933413*J1^1*Q^3+-0.0001850030*Q^4+0,-0.0003797743*J1^2*Q^2+0.0005696615*J1^1*Q^3+-0.0002136230*Q^4+0},
{0,0,0,0,0,0,0,0,0,0,0,0,0,0,0,0,0,0,0,0,0.0009866826*J1^2*Q^2+-0.0009866826*J1^1*Q^3+0.0001850030*Q^4+0,0,0,0,0,0,0,0,0,0.0003288942*J1^2*Q^2+-0.0004933413*J1^1*Q^3+0.0001850030*Q^4+0,0,0},
{0,0,0,0,0,0,0,0,0,0,0,0,0,0,0,0,0,0,0,0,0,0.0009866826*J1^2*Q^2+-0.0009866826*J1^1*Q^3+0.0001850030*Q^4+0,0,0,0,0,0,0,0.0003288942*J1^2*Q^2+-0.0004933413*J1^1*Q^3+0.0001850030*Q^4+0,0.0003797743*J1^2*Q^2+-0.0005696615*J1^1*Q^3+0.0002136230*Q^4+0,0,0},
{0,0,0,0,0,0,0,0,0,0,0,0,0,0,0,0,0,0,-0.0009866826*J1^2*Q^2+0.0009866826*J1^1*Q^3+-0.0001850030*Q^4+0,0,0,0,0.0011393229*J1^2*Q^2+-0.0011393229*J1^1*Q^3+0.0002136230*Q^4+0,0,0,0,0,-0.0003288942*J1^2*Q^2+0.0004933413*J1^1*Q^3+-0.0001850030*Q^4+0,0,0,0,0.0003797743*J1^2*Q^2+-0.0005696615*J1^1*Q^3+0.0002136230*Q^4+0},
{0,0,0,0,0,0,0,0,0,0,0,0,0,0,0,0,0,0,0,-0.0009866826*J1^2*Q^2+0.0009866826*J1^1*Q^3+-0.0001850030*Q^4+0,0,0,0,0.0011393229*J1^2*Q^2+-0.0011393229*J1^1*Q^3+0.0002136230*Q^4+0,0,0,-0.0003288942*J1^2*Q^2+0.0004933413*J1^1*Q^3+-0.0001850030*Q^4+0,-0.0003797743*J1^2*Q^2+0.0005696615*J1^1*Q^3+-0.0002136230*Q^4+0,0,0,0.0003797743*J1^2*Q^2+-0.0005696615*J1^1*Q^3+0.0002136230*Q^4+0,0.0004385256*J1^2*Q^2+-0.0006577884*J1^1*Q^3+0.0002466706*Q^4+0},
{0,0,0,0,0,0,0,0,0,0,0,0,0,0,0,0,0.0009866826*J1^2*Q^2+-0.0009866826*J1^1*Q^3+0.0001850030*Q^4+0,0,0,0,-0.0011393229*J1^2*Q^2+0.0011393229*J1^1*Q^3+-0.0002136230*Q^4+0,0,0,0,0,0.0003288942*J1^2*Q^2+-0.0004933413*J1^1*Q^3+0.0001850030*Q^4+0,0,0,0,-0.0003797743*J1^2*Q^2+0.0005696615*J1^1*Q^3+-0.0002136230*Q^4+0,0,0},
{0,0,0,0,0,0,0,0,0,0,0,0,0,0,0,0,0,0.0009866826*J1^2*Q^2+-0.0009866826*J1^1*Q^3+0.0001850030*Q^4+0,0,0,0,-0.0011393229*J1^2*Q^2+0.0011393229*J1^1*Q^3+-0.0002136230*Q^4+0,0,0,0.0003288942*J1^2*Q^2+-0.0004933413*J1^1*Q^3+0.0001850030*Q^4+0,0.0003797743*J1^2*Q^2+-0.0005696615*J1^1*Q^3+0.0002136230*Q^4+0,0,0,-0.0003797743*J1^2*Q^2+0.0005696615*J1^1*Q^3+-0.0002136230*Q^4+0,-0.0004385256*J1^2*Q^2+0.0006577884*J1^1*Q^3+-0.0002466706*Q^4+0,0,0},
{0,0,0,0,0,0,0,0,0,0,0,0,0,0,0,0,0,0,0,0,0,0,0,-0.0003288942*J1^2*Q^2+0.0004933413*J1^1*Q^3+-0.0001850030*Q^4+0,0,0,0,0,0,0,-0.0009866826*J1^2*Q^2+0.0009866826*J1^1*Q^3+-0.0001850030*Q^4+0,-0.0003797743*J1^2*Q^2+0.0005696615*J1^1*Q^3+-0.0002136230*Q^4+0},
{0,0,0,0,0,0,0,0,0,0,0,0,0,0,0,0,0,0,0,0,0,0,-0.0003288942*J1^2*Q^2+0.0004933413*J1^1*Q^3+-0.0001850030*Q^4+0,-0.0003797743*J1^2*Q^2+0.0005696615*J1^1*Q^3+-0.0002136230*Q^4+0,0,0,0,0,0,0,-0.0003797743*J1^2*Q^2+0.0005696615*J1^1*Q^3+-0.0002136230*Q^4+0,-0.0014252082*J1^2*Q^2+0.0016444710*J1^1*Q^3+-0.0004316736*Q^4+0},
{0,0,0,0,0,0,0,0,0,0,0,0,0,0,0,0,0,0,0,0,0,0.0003288942*J1^2*Q^2+-0.0004933413*J1^1*Q^3+0.0001850030*Q^4+0,0,0,0,0,0,0,0.0009866826*J1^2*Q^2+-0.0009866826*J1^1*Q^3+0.0001850030*Q^4+0,0.0003797743*J1^2*Q^2+-0.0005696615*J1^1*Q^3+0.0002136230*Q^4+0,0,0},
{0,0,0,0,0,0,0,0,0,0,0,0,0,0,0,0,0,0,0,0,0.0003288942*J1^2*Q^2+-0.0004933413*J1^1*Q^3+0.0001850030*Q^4+0,0.0003797743*J1^2*Q^2+-0.0005696615*J1^1*Q^3+0.0002136230*Q^4+0,0,0,0,0,0,0,0.0003797743*J1^2*Q^2+-0.0005696615*J1^1*Q^3+0.0002136230*Q^4+0,0.0014252082*J1^2*Q^2+-0.0016444710*J1^1*Q^3+0.0004316736*Q^4+0,0,0},
{0,0,0,0,0,0,0,0,0,0,0,0,0,0,0,0,0,0,0,-0.0003288942*J1^2*Q^2+0.0004933413*J1^1*Q^3+-0.0001850030*Q^4+0,0,0,0,0.0003797743*J1^2*Q^2+-0.0005696615*J1^1*Q^3+0.0002136230*Q^4+0,0,0,-0.0009866826*J1^2*Q^2+0.0009866826*J1^1*Q^3+-0.0001850030*Q^4+0,-0.0003797743*J1^2*Q^2+0.0005696615*J1^1*Q^3+-0.0002136230*Q^4+0,0,0,0.0011393229*J1^2*Q^2+-0.0011393229*J1^1*Q^3+0.0002136230*Q^4+0,0.0004385256*J1^2*Q^2+-0.0006577884*J1^1*Q^3+0.0002466706*Q^4+0},
{0,0,0,0,0,0,0,0,0,0,0,0,0,0,0,0,0,0,-0.0003288942*J1^2*Q^2+0.0004933413*J1^1*Q^3+-0.0001850030*Q^4+0,-0.0003797743*J1^2*Q^2+0.0005696615*J1^1*Q^3+-0.0002136230*Q^4+0,0,0,0.0003797743*J1^2*Q^2+-0.0005696615*J1^1*Q^3+0.0002136230*Q^4+0,0.0004385256*J1^2*Q^2+-0.0006577884*J1^1*Q^3+0.0002466706*Q^4+0,0,0,-0.0003797743*J1^2*Q^2+0.0005696615*J1^1*Q^3+-0.0002136230*Q^4+0,-0.0014252082*J1^2*Q^2+0.0016444710*J1^1*Q^3+-0.0004316736*Q^4+0,0,0,0.0004385256*J1^2*Q^2+-0.0006577884*J1^1*Q^3+0.0002466706*Q^4+0,0.0016456887*J1^2*Q^2+-0.0018988715*J1^1*Q^3+0.0004984538*Q^4+0},
{0,0,0,0,0,0,0,0,0,0,0,0,0,0,0,0,0,0.0003288942*J1^2*Q^2+-0.0004933413*J1^1*Q^3+0.0001850030*Q^4+0,0,0,0,-0.0003797743*J1^2*Q^2+0.0005696615*J1^1*Q^3+-0.0002136230*Q^4+0,0,0,0.0009866826*J1^2*Q^2+-0.0009866826*J1^1*Q^3+0.0001850030*Q^4+0,0.0003797743*J1^2*Q^2+-0.0005696615*J1^1*Q^3+0.0002136230*Q^4+0,0,0,-0.0011393229*J1^2*Q^2+0.0011393229*J1^1*Q^3+-0.0002136230*Q^4+0,-0.0004385256*J1^2*Q^2+0.0006577884*J1^1*Q^3+-0.0002466706*Q^4+0,0,0},
{0,0,0,0,0,0,0,0,0,0,0,0,0,0,0,0,0.0003288942*J1^2*Q^2+-0.0004933413*J1^1*Q^3+0.0001850030*Q^4+0,0.0003797743*J1^2*Q^2+-0.0005696615*J1^1*Q^3+0.0002136230*Q^4+0,0,0,-0.0003797743*J1^2*Q^2+0.0005696615*J1^1*Q^3+-0.0002136230*Q^4+0,-0.0004385256*J1^2*Q^2+0.0006577884*J1^1*Q^3+-0.0002466706*Q^4+0,0,0,0.0003797743*J1^2*Q^2+-0.0005696615*J1^1*Q^3+0.0002136230*Q^4+0,0.0014252082*J1^2*Q^2+-0.0016444710*J1^1*Q^3+0.0004316736*Q^4+0,0,0,-0.0004385256*J1^2*Q^2+0.0006577884*J1^1*Q^3+-0.0002466706*Q^4+0,-0.0016456887*J1^2*Q^2+0.0018988715*J1^1*Q^3+-0.0004984538*Q^4+0,0,0},
{0,0,0,0,0,0,-0.0009866826*J1^2*Q^2+0.0009866826*J1^1*Q^3+-0.0001850030*Q^4+0,0,0,0,0,0,0,0,0,-0.0003288942*J1^2*Q^2+0.0004933413*J1^1*Q^3+-0.0001850030*Q^4+0,0,0,0,0,0,0,-0.0011393229*J1^2*Q^2+0.0011393229*J1^1*Q^3+-0.0002136230*Q^4+0,0,0,0,0,0,0,0,0,-0.0003797743*J1^2*Q^2+0.0005696615*J1^1*Q^3+-0.0002136230*Q^4+0},
{0,0,0,0,0,0,0,-0.0009866826*J1^2*Q^2+0.0009866826*J1^1*Q^3+-0.0001850030*Q^4+0,0,0,0,0,0,0,-0.0003288942*J1^2*Q^2+0.0004933413*J1^1*Q^3+-0.0001850030*Q^4+0,-0.0003797743*J1^2*Q^2+0.0005696615*J1^1*Q^3+-0.0002136230*Q^4+0,0,0,0,0,0,0,0,-0.0011393229*J1^2*Q^2+0.0011393229*J1^1*Q^3+-0.0002136230*Q^4+0,0,0,0,0,0,0,-0.0003797743*J1^2*Q^2+0.0005696615*J1^1*Q^3+-0.0002136230*Q^4+0,-0.0004385256*J1^2*Q^2+0.0006577884*J1^1*Q^3+-0.0002466706*Q^4+0},
{0,0,0,0,0.0009866826*J1^2*Q^2+-0.0009866826*J1^1*Q^3+0.0001850030*Q^4+0,0,0,0,0,0,0,0,0,0.0003288942*J1^2*Q^2+-0.0004933413*J1^1*Q^3+0.0001850030*Q^4+0,0,0,0,0,0,0,0.0011393229*J1^2*Q^2+-0.0011393229*J1^1*Q^3+0.0002136230*Q^4+0,0,0,0,0,0,0,0,0,0.0003797743*J1^2*Q^2+-0.0005696615*J1^1*Q^3+0.0002136230*Q^4+0,0,0},
{0,0,0,0,0,0.0009866826*J1^2*Q^2+-0.0009866826*J1^1*Q^3+0.0001850030*Q^4+0,0,0,0,0,0,0,0.0003288942*J1^2*Q^2+-0.0004933413*J1^1*Q^3+0.0001850030*Q^4+0,0.0003797743*J1^2*Q^2+-0.0005696615*J1^1*Q^3+0.0002136230*Q^4+0,0,0,0,0,0,0,0,0.0011393229*J1^2*Q^2+-0.0011393229*J1^1*Q^3+0.0002136230*Q^4+0,0,0,0,0,0,0,0.0003797743*J1^2*Q^2+-0.0005696615*J1^1*Q^3+0.0002136230*Q^4+0,0.0004385256*J1^2*Q^2+-0.0006577884*J1^1*Q^3+0.0002466706*Q^4+0,0,0},
{0,0,-0.0009866826*J1^2*Q^2+0.0009866826*J1^1*Q^3+-0.0001850030*Q^4+0,0,0,0,0.0011393229*J1^2*Q^2+-0.0011393229*J1^1*Q^3+0.0002136230*Q^4+0,0,0,0,0,-0.0003288942*J1^2*Q^2+0.0004933413*J1^1*Q^3+-0.0001850030*Q^4+0,0,0,0,0.0003797743*J1^2*Q^2+-0.0005696615*J1^1*Q^3+0.0002136230*Q^4+0,0,0,-0.0011393229*J1^2*Q^2+0.0011393229*J1^1*Q^3+-0.0002136230*Q^4+0,0,0,0,0.0013155768*J1^2*Q^2+-0.0013155768*J1^1*Q^3+0.0002466706*Q^4+0,0,0,0,0,-0.0003797743*J1^2*Q^2+0.0005696615*J1^1*Q^3+-0.0002136230*Q^4+0,0,0,0,0.0004385256*J1^2*Q^2+-0.0006577884*J1^1*Q^3+0.0002466706*Q^4+0},
{0,0,0,-0.0009866826*J1^2*Q^2+0.0009866826*J1^1*Q^3+-0.0001850030*Q^4+0,0,0,0,0.0011393229*J1^2*Q^2+-0.0011393229*J1^1*Q^3+0.0002136230*Q^4+0,0,0,-0.0003288942*J1^2*Q^2+0.0004933413*J1^1*Q^3+-0.0001850030*Q^4+0,-0.0003797743*J1^2*Q^2+0.0005696615*J1^1*Q^3+-0.0002136230*Q^4+0,0,0,0.0003797743*J1^2*Q^2+-0.0005696615*J1^1*Q^3+0.0002136230*Q^4+0,0.0004385256*J1^2*Q^2+-0.0006577884*J1^1*Q^3+0.0002466706*Q^4+0,0,0,0,-0.0011393229*J1^2*Q^2+0.0011393229*J1^1*Q^3+-0.0002136230*Q^4+0,0,0,0,0.0013155768*J1^2*Q^2+-0.0013155768*J1^1*Q^3+0.0002466706*Q^4+0,0,0,-0.0003797743*J1^2*Q^2+0.0005696615*J1^1*Q^3+-0.0002136230*Q^4+0,-0.0004385256*J1^2*Q^2+0.0006577884*J1^1*Q^3+-0.0002466706*Q^4+0,0,0,0.0004385256*J1^2*Q^2+-0.0006577884*J1^1*Q^3+0.0002466706*Q^4+0,0.0005063657*J1^2*Q^2+-0.0007595486*J1^1*Q^3+0.0002848307*Q^4+0},
{0.0009866826*J1^2*Q^2+-0.0009866826*J1^1*Q^3+0.0001850030*Q^4+0,0,0,0,-0.0011393229*J1^2*Q^2+0.0011393229*J1^1*Q^3+-0.0002136230*Q^4+0,0,0,0,0,0.0003288942*J1^2*Q^2+-0.0004933413*J1^1*Q^3+0.0001850030*Q^4+0,0,0,0,-0.0003797743*J1^2*Q^2+0.0005696615*J1^1*Q^3+-0.0002136230*Q^4+0,0,0,0.0011393229*J1^2*Q^2+-0.0011393229*J1^1*Q^3+0.0002136230*Q^4+0,0,0,0,-0.0013155768*J1^2*Q^2+0.0013155768*J1^1*Q^3+-0.0002466706*Q^4+0,0,0,0,0,0.0003797743*J1^2*Q^2+-0.0005696615*J1^1*Q^3+0.0002136230*Q^4+0,0,0,0,-0.0004385256*J1^2*Q^2+0.0006577884*J1^1*Q^3+-0.0002466706*Q^4+0,0,0},
{0,0.0009866826*J1^2*Q^2+-0.0009866826*J1^1*Q^3+0.0001850030*Q^4+0,0,0,0,-0.0011393229*J1^2*Q^2+0.0011393229*J1^1*Q^3+-0.0002136230*Q^4+0,0,0,0.0003288942*J1^2*Q^2+-0.0004933413*J1^1*Q^3+0.0001850030*Q^4+0,0.0003797743*J1^2*Q^2+-0.0005696615*J1^1*Q^3+0.0002136230*Q^4+0,0,0,-0.0003797743*J1^2*Q^2+0.0005696615*J1^1*Q^3+-0.0002136230*Q^4+0,-0.0004385256*J1^2*Q^2+0.0006577884*J1^1*Q^3+-0.0002466706*Q^4+0,0,0,0,0.0011393229*J1^2*Q^2+-0.0011393229*J1^1*Q^3+0.0002136230*Q^4+0,0,0,0,-0.0013155768*J1^2*Q^2+0.0013155768*J1^1*Q^3+-0.0002466706*Q^4+0,0,0,0.0003797743*J1^2*Q^2+-0.0005696615*J1^1*Q^3+0.0002136230*Q^4+0,0.0004385256*J1^2*Q^2+-0.0006577884*J1^1*Q^3+0.0002466706*Q^4+0,0,0,-0.0004385256*J1^2*Q^2+0.0006577884*J1^1*Q^3+-0.0002466706*Q^4+0,-0.0005063657*J1^2*Q^2+0.0007595486*J1^1*Q^3+-0.0002848307*Q^4+0,0,0},
{0,0,0,0,0,0,0,-0.0003288942*J1^2*Q^2+0.0004933413*J1^1*Q^3+-0.0001850030*Q^4+0,0,0,0,0,0,0,-0.0009866826*J1^2*Q^2+0.0009866826*J1^1*Q^3+-0.0001850030*Q^4+0,-0.0003797743*J1^2*Q^2+0.0005696615*J1^1*Q^3+-0.0002136230*Q^4+0,0,0,0,0,0,0,0,-0.0003797743*J1^2*Q^2+0.0005696615*J1^1*Q^3+-0.0002136230*Q^4+0,0,0,0,0,0,0,-0.0011393229*J1^2*Q^2+0.0011393229*J1^1*Q^3+-0.0002136230*Q^4+0,-0.0004385256*J1^2*Q^2+0.0006577884*J1^1*Q^3+-0.0002466706*Q^4+0},
{0,0,0,0,0,0,-0.0003288942*J1^2*Q^2+0.0004933413*J1^1*Q^3+-0.0001850030*Q^4+0,-0.0003797743*J1^2*Q^2+0.0005696615*J1^1*Q^3+-0.0002136230*Q^4+0,0,0,0,0,0,0,-0.0003797743*J1^2*Q^2+0.0005696615*J1^1*Q^3+-0.0002136230*Q^4+0,-0.0014252082*J1^2*Q^2+0.0016444710*J1^1*Q^3+-0.0004316736*Q^4+0,0,0,0,0,0,0,-0.0003797743*J1^2*Q^2+0.0005696615*J1^1*Q^3+-0.0002136230*Q^4+0,-0.0004385256*J1^2*Q^2+0.0006577884*J1^1*Q^3+-0.0002466706*Q^4+0,0,0,0,0,0,0,-0.0004385256*J1^2*Q^2+0.0006577884*J1^1*Q^3+-0.0002466706*Q^4+0,-0.0016456887*J1^2*Q^2+0.0018988715*J1^1*Q^3+-0.0004984538*Q^4+0},
{0,0,0,0,0,0.0003288942*J1^2*Q^2+-0.0004933413*J1^1*Q^3+0.0001850030*Q^4+0,0,0,0,0,0,0,0.0009866826*J1^2*Q^2+-0.0009866826*J1^1*Q^3+0.0001850030*Q^4+0,0.0003797743*J1^2*Q^2+-0.0005696615*J1^1*Q^3+0.0002136230*Q^4+0,0,0,0,0,0,0,0,0.0003797743*J1^2*Q^2+-0.0005696615*J1^1*Q^3+0.0002136230*Q^4+0,0,0,0,0,0,0,0.0011393229*J1^2*Q^2+-0.0011393229*J1^1*Q^3+0.0002136230*Q^4+0,0.0004385256*J1^2*Q^2+-0.0006577884*J1^1*Q^3+0.0002466706*Q^4+0,0,0},
{0,0,0,0,0.0003288942*J1^2*Q^2+-0.0004933413*J1^1*Q^3+0.0001850030*Q^4+0,0.0003797743*J1^2*Q^2+-0.0005696615*J1^1*Q^3+0.0002136230*Q^4+0,0,0,0,0,0,0,0.0003797743*J1^2*Q^2+-0.0005696615*J1^1*Q^3+0.0002136230*Q^4+0,0.0014252082*J1^2*Q^2+-0.0016444710*J1^1*Q^3+0.0004316736*Q^4+0,0,0,0,0,0,0,0.0003797743*J1^2*Q^2+-0.0005696615*J1^1*Q^3+0.0002136230*Q^4+0,0.0004385256*J1^2*Q^2+-0.0006577884*J1^1*Q^3+0.0002466706*Q^4+0,0,0,0,0,0,0,0.0004385256*J1^2*Q^2+-0.0006577884*J1^1*Q^3+0.0002466706*Q^4+0,0.0016456887*J1^2*Q^2+-0.0018988715*J1^1*Q^3+0.0004984538*Q^4+0,0,0},
{0,0,0,-0.0003288942*J1^2*Q^2+0.0004933413*J1^1*Q^3+-0.0001850030*Q^4+0,0,0,0,0.0003797743*J1^2*Q^2+-0.0005696615*J1^1*Q^3+0.0002136230*Q^4+0,0,0,-0.0009866826*J1^2*Q^2+0.0009866826*J1^1*Q^3+-0.0001850030*Q^4+0,-0.0003797743*J1^2*Q^2+0.0005696615*J1^1*Q^3+-0.0002136230*Q^4+0,0,0,0.0011393229*J1^2*Q^2+-0.0011393229*J1^1*Q^3+0.0002136230*Q^4+0,0.0004385256*J1^2*Q^2+-0.0006577884*J1^1*Q^3+0.0002466706*Q^4+0,0,0,0,-0.0003797743*J1^2*Q^2+0.0005696615*J1^1*Q^3+-0.0002136230*Q^4+0,0,0,0,0.0004385256*J1^2*Q^2+-0.0006577884*J1^1*Q^3+0.0002466706*Q^4+0,0,0,-0.0011393229*J1^2*Q^2+0.0011393229*J1^1*Q^3+-0.0002136230*Q^4+0,-0.0004385256*J1^2*Q^2+0.0006577884*J1^1*Q^3+-0.0002466706*Q^4+0,0,0,0.0013155768*J1^2*Q^2+-0.0013155768*J1^1*Q^3+0.0002466706*Q^4+0,0.0005063657*J1^2*Q^2+-0.0007595486*J1^1*Q^3+0.0002848307*Q^4+0},
{0,0,-0.0003288942*J1^2*Q^2+0.0004933413*J1^1*Q^3+-0.0001850030*Q^4+0,-0.0003797743*J1^2*Q^2+0.0005696615*J1^1*Q^3+-0.0002136230*Q^4+0,0,0,0.0003797743*J1^2*Q^2+-0.0005696615*J1^1*Q^3+0.0002136230*Q^4+0,0.0004385256*J1^2*Q^2+-0.0006577884*J1^1*Q^3+0.0002466706*Q^4+0,0,0,-0.0003797743*J1^2*Q^2+0.0005696615*J1^1*Q^3+-0.0002136230*Q^4+0,-0.0014252082*J1^2*Q^2+0.0016444710*J1^1*Q^3+-0.0004316736*Q^4+0,0,0,0.0004385256*J1^2*Q^2+-0.0006577884*J1^1*Q^3+0.0002466706*Q^4+0,0.0016456887*J1^2*Q^2+-0.0018988715*J1^1*Q^3+0.0004984538*Q^4+0,0,0,-0.0003797743*J1^2*Q^2+0.0005696615*J1^1*Q^3+-0.0002136230*Q^4+0,-0.0004385256*J1^2*Q^2+0.0006577884*J1^1*Q^3+-0.0002466706*Q^4+0,0,0,0.0004385256*J1^2*Q^2+-0.0006577884*J1^1*Q^3+0.0002466706*Q^4+0,0.0005063657*J1^2*Q^2+-0.0007595486*J1^1*Q^3+0.0002848307*Q^4+0,0,0,-0.0004385256*J1^2*Q^2+0.0006577884*J1^1*Q^3+-0.0002466706*Q^4+0,-0.0016456887*J1^2*Q^2+0.0018988715*J1^1*Q^3+-0.0004984538*Q^4+0,0,0,0.0005063657*J1^2*Q^2+-0.0007595486*J1^1*Q^3+0.0002848307*Q^4+0,0.0019002776*J1^2*Q^2+-0.0021926280*J1^1*Q^3+0.0005755648*Q^4+0},
{0,0.0003288942*J1^2*Q^2+-0.0004933413*J1^1*Q^3+0.0001850030*Q^4+0,0,0,0,-0.0003797743*J1^2*Q^2+0.0005696615*J1^1*Q^3+-0.0002136230*Q^4+0,0,0,0.0009866826*J1^2*Q^2+-0.0009866826*J1^1*Q^3+0.0001850030*Q^4+0,0.0003797743*J1^2*Q^2+-0.0005696615*J1^1*Q^3+0.0002136230*Q^4+0,0,0,-0.0011393229*J1^2*Q^2+0.0011393229*J1^1*Q^3+-0.0002136230*Q^4+0,-0.0004385256*J1^2*Q^2+0.0006577884*J1^1*Q^3+-0.0002466706*Q^4+0,0,0,0,0.0003797743*J1^2*Q^2+-0.0005696615*J1^1*Q^3+0.0002136230*Q^4+0,0,0,0,-0.0004385256*J1^2*Q^2+0.0006577884*J1^1*Q^3+-0.0002466706*Q^4+0,0,0,0.0011393229*J1^2*Q^2+-0.0011393229*J1^1*Q^3+0.0002136230*Q^4+0,0.0004385256*J1^2*Q^2+-0.0006577884*J1^1*Q^3+0.0002466706*Q^4+0,0,0,-0.0013155768*J1^2*Q^2+0.0013155768*J1^1*Q^3+-0.0002466706*Q^4+0,-0.0005063657*J1^2*Q^2+0.0007595486*J1^1*Q^3+-0.0002848307*Q^4+0,0,0},
{0.0003288942*J1^2*Q^2+-0.0004933413*J1^1*Q^3+0.0001850030*Q^4+0,0.0003797743*J1^2*Q^2+-0.0005696615*J1^1*Q^3+0.0002136230*Q^4+0,0,0,-0.0003797743*J1^2*Q^2+0.0005696615*J1^1*Q^3+-0.0002136230*Q^4+0,-0.0004385256*J1^2*Q^2+0.0006577884*J1^1*Q^3+-0.0002466706*Q^4+0,0,0,0.0003797743*J1^2*Q^2+-0.0005696615*J1^1*Q^3+0.0002136230*Q^4+0,0.0014252082*J1^2*Q^2+-0.0016444710*J1^1*Q^3+0.0004316736*Q^4+0,0,0,-0.0004385256*J1^2*Q^2+0.0006577884*J1^1*Q^3+-0.0002466706*Q^4+0,-0.0016456887*J1^2*Q^2+0.0018988715*J1^1*Q^3+-0.0004984538*Q^4+0,0,0,0.0003797743*J1^2*Q^2+-0.0005696615*J1^1*Q^3+0.0002136230*Q^4+0,0.0004385256*J1^2*Q^2+-0.0006577884*J1^1*Q^3+0.0002466706*Q^4+0,0,0,-0.0004385256*J1^2*Q^2+0.0006577884*J1^1*Q^3+-0.0002466706*Q^4+0,-0.0005063657*J1^2*Q^2+0.0007595486*J1^1*Q^3+-0.0002848307*Q^4+0,0,0,0.0004385256*J1^2*Q^2+-0.0006577884*J1^1*Q^3+0.0002466706*Q^4+0,0.0016456887*J1^2*Q^2+-0.0018988715*J1^1*Q^3+0.0004984538*Q^4+0,0,0,-0.0005063657*J1^2*Q^2+0.0007595486*J1^1*Q^3+-0.0002848307*Q^4+0,-0.0019002776*J1^2*Q^2+0.0021926280*J1^1*Q^3+-0.0005755648*Q^4+0,0,0}
}