32
{{0,0,0,0,0,0,0,-0.0005065558*J1^1*Q^3+0.0003402733*Q^4+0,0,0,0,0,0,0,0,0,0,0,0,0,0,0,0,0,0,0,0,0,0,0,0,0},
{0,0,0,0,0,0,-0.0005065558*J1^1*Q^3+0.0003402733*Q^4+0,-0.0005849202*J1^1*Q^3+0.0003929138*Q^4+0,0,0,0,0,0,0,0,0,0,0,0,0,0,0,0,0,0,0,0,0,0,0,0,0},
{0,0,0,0,0,0.0005065558*J1^1*Q^3+-0.0003402733*Q^4+0,0,0,0,0,0,0,0,0,0,0,0,0,0,0,0,0,0,0,0,0,0,0,0,0,0,0},
{0,0,0,0,0.0005065558*J1^1*Q^3+-0.0003402733*Q^4+0,0.0005849202*J1^1*Q^3+-0.0003929138*Q^4+0,0,0,0,0,0,0,0,0,0,0,0,0,0,0,0,0,0,0,0,0,0,0,0,0,0,0},
{0,0,0,-0.0005065558*J1^1*Q^3+0.0003402733*Q^4+0,0,0,0,0.0005849202*J1^1*Q^3+-0.0003929138*Q^4+0,0,0,0,0,0,0,0,0,0,0,0,0,0,0,0,0,0,0,0,0,0,0,0,0},
{0,0,-0.0005065558*J1^1*Q^3+0.0003402733*Q^4+0,-0.0005849202*J1^1*Q^3+0.0003929138*Q^4+0,0,0,0.0005849202*J1^1*Q^3+-0.0003929138*Q^4+0,0.0006754077*J1^1*Q^3+-0.0004536978*Q^4+0,0,0,0,0,0,0,0,0,0,0,0,0,0,0,0,0,0,0,0,0,0,0,0,0},
{0,0.0005065558*J1^1*Q^3+-0.0003402733*Q^4+0,0,0,0,-0.0005849202*J1^1*Q^3+0.0003929138*Q^4+0,0,0,0,0,0,0,0,0,0,0,0,0,0,0,0,0,0,0,0,0,0,0,0,0,0,0},
{0.0005065558*J1^1*Q^3+-0.0003402733*Q^4+0,0.0005849202*J1^1*Q^3+-0.0003929138*Q^4+0,0,0,-0.0005849202*J1^1*Q^3+0.0003929138*Q^4+0,-0.0006754077*J1^1*Q^3+0.0004536978*Q^4+0,0,0,0,0,0,0,0,0,0,0,0,0,0,0,0,0,0,0,0,0,0,0,0,0,0,0},
{0,0,0,0,0,0,0,0,0,0,0,0,0,0,0,-0.0005065558*J1^1*Q^3+0.0003402733*Q^4+0,0,0,0,0,0,0,0,0,0,0,0,0,0,0,0,0},
{0,0,0,0,0,0,0,0,0,0,0,0,0,0,-0.0005065558*J1^1*Q^3+0.0003402733*Q^4+0,-0.0005849202*J1^1*Q^3+0.0003929138*Q^4+0,0,0,0,0,0,0,0,0,0,0,0,0,0,0,0,0},
{0,0,0,0,0,0,0,0,0,0,0,0,0,0.0005065558*J1^1*Q^3+-0.0003402733*Q^4+0,0,0,0,0,0,0,0,0,0,0,0,0,0,0,0,0,0,0},
{0,0,0,0,0,0,0,0,0,0,0,0,0.0005065558*J1^1*Q^3+-0.0003402733*Q^4+0,0.0005849202*J1^1*Q^3+-0.0003929138*Q^4+0,0,0,0,0,0,0,0,0,0,0,0,0,0,0,0,0,0,0},
{0,0,0,0,0,0,0,0,0,0,0,-0.0005065558*J1^1*Q^3+0.0003402733*Q^4+0,0,0,0,0.0005849202*J1^1*Q^3+-0.0003929138*Q^4+0,0,0,0,0,0,0,0,0,0,0,0,0,0,0,0,0},
{0,0,0,0,0,0,0,0,0,0,-0.0005065558*J1^1*Q^3+0.0003402733*Q^4+0,-0.0005849202*J1^1*Q^3+0.0003929138*Q^4+0,0,0,0.0005849202*J1^1*Q^3+-0.0003929138*Q^4+0,0.0006754077*J1^1*Q^3+-0.0004536978*Q^4+0,0,0,0,0,0,0,0,0,0,0,0,0,0,0,0,0},
{0,0,0,0,0,0,0,0,0,0.0005065558*J1^1*Q^3+-0.0003402733*Q^4+0,0,0,0,-0.0005849202*J1^1*Q^3+0.0003929138*Q^4+0,0,0,0,0,0,0,0,0,0,0,0,0,0,0,0,0,0,0},
{0,0,0,0,0,0,0,0,0.0005065558*J1^1*Q^3+-0.0003402733*Q^4+0,0.0005849202*J1^1*Q^3+-0.0003929138*Q^4+0,0,0,-0.0005849202*J1^1*Q^3+0.0003929138*Q^4+0,-0.0006754077*J1^1*Q^3+0.0004536978*Q^4+0,0,0,0,0,0,0,0,0,0,0,0,0,0,0,0,0,0,0},
{0,0,0,0,0,0,0,0,0,0,0,0,0,0,0,0,0,0,0,0,0,0,0,-0.0005065558*J1^1*Q^3+0.0003402733*Q^4+0,0,0,0,0,0,0,0,0},
{0,0,0,0,0,0,0,0,0,0,0,0,0,0,0,0,0,0,0,0,0,0,-0.0005065558*J1^1*Q^3+0.0003402733*Q^4+0,-0.0005849202*J1^1*Q^3+0.0003929138*Q^4+0,0,0,0,0,0,0,0,0},
{0,0,0,0,0,0,0,0,0,0,0,0,0,0,0,0,0,0,0,0,0,0.0005065558*J1^1*Q^3+-0.0003402733*Q^4+0,0,0,0,0,0,0,0,0,0,0},
{0,0,0,0,0,0,0,0,0,0,0,0,0,0,0,0,0,0,0,0,0.0005065558*J1^1*Q^3+-0.0003402733*Q^4+0,0.0005849202*J1^1*Q^3+-0.0003929138*Q^4+0,0,0,0,0,0,0,0,0,0,0},
{0,0,0,0,0,0,0,0,0,0,0,0,0,0,0,0,0,0,0,-0.0005065558*J1^1*Q^3+0.0003402733*Q^4+0,0,0,0,0.0005849202*J1^1*Q^3+-0.0003929138*Q^4+0,0,0,0,0,0,0,0,0},
{0,0,0,0,0,0,0,0,0,0,0,0,0,0,0,0,0,0,-0.0005065558*J1^1*Q^3+0.0003402733*Q^4+0,-0.0005849202*J1^1*Q^3+0.0003929138*Q^4+0,0,0,0.0005849202*J1^1*Q^3+-0.0003929138*Q^4+0,0.0006754077*J1^1*Q^3+-0.0004536978*Q^4+0,0,0,0,0,0,0,0,0},
{0,0,0,0,0,0,0,0,0,0,0,0,0,0,0,0,0,0.0005065558*J1^1*Q^3+-0.0003402733*Q^4+0,0,0,0,-0.0005849202*J1^1*Q^3+0.0003929138*Q^4+0,0,0,0,0,0,0,0,0,0,0},
{0,0,0,0,0,0,0,0,0,0,0,0,0,0,0,0,0.0005065558*J1^1*Q^3+-0.0003402733*Q^4+0,0.0005849202*J1^1*Q^3+-0.0003929138*Q^4+0,0,0,-0.0005849202*J1^1*Q^3+0.0003929138*Q^4+0,-0.0006754077*J1^1*Q^3+0.0004536978*Q^4+0,0,0,0,0,0,0,0,0,0,0},
{0,0,0,0,0,0,0,0,0,0,0,0,0,0,0,0,0,0,0,0,0,0,0,0,0,0,0,0,0,0,0,-0.0005065558*J1^1*Q^3+0.0003402733*Q^4+0},
{0,0,0,0,0,0,0,0,0,0,0,0,0,0,0,0,0,0,0,0,0,0,0,0,0,0,0,0,0,0,-0.0005065558*J1^1*Q^3+0.0003402733*Q^4+0,-0.0005849202*J1^1*Q^3+0.0003929138*Q^4+0},
{0,0,0,0,0,0,0,0,0,0,0,0,0,0,0,0,0,0,0,0,0,0,0,0,0,0,0,0,0,0.0005065558*J1^1*Q^3+-0.0003402733*Q^4+0,0,0},
{0,0,0,0,0,0,0,0,0,0,0,0,0,0,0,0,0,0,0,0,0,0,0,0,0,0,0,0,0.0005065558*J1^1*Q^3+-0.0003402733*Q^4+0,0.0005849202*J1^1*Q^3+-0.0003929138*Q^4+0,0,0},
{0,0,0,0,0,0,0,0,0,0,0,0,0,0,0,0,0,0,0,0,0,0,0,0,0,0,0,-0.0005065558*J1^1*Q^3+0.0003402733*Q^4+0,0,0,0,0.0005849202*J1^1*Q^3+-0.0003929138*Q^4+0},
{0,0,0,0,0,0,0,0,0,0,0,0,0,0,0,0,0,0,0,0,0,0,0,0,0,0,-0.0005065558*J1^1*Q^3+0.0003402733*Q^4+0,-0.0005849202*J1^1*Q^3+0.0003929138*Q^4+0,0,0,0.0005849202*J1^1*Q^3+-0.0003929138*Q^4+0,0.0006754077*J1^1*Q^3+-0.0004536978*Q^4+0},
{0,0,0,0,0,0,0,0,0,0,0,0,0,0,0,0,0,0,0,0,0,0,0,0,0,0.0005065558*J1^1*Q^3+-0.0003402733*Q^4+0,0,0,0,-0.0005849202*J1^1*Q^3+0.0003929138*Q^4+0,0,0},
{0,0,0,0,0,0,0,0,0,0,0,0,0,0,0,0,0,0,0,0,0,0,0,0,0.0005065558*J1^1*Q^3+-0.0003402733*Q^4+0,0.0005849202*J1^1*Q^3+-0.0003929138*Q^4+0,0,0,-0.0005849202*J1^1*Q^3+0.0003929138*Q^4+0,-0.0006754077*J1^1*Q^3+0.0004536978*Q^4+0,0,0}
}