64
{{0,0,0,0,0,0,0,0,0,0,0,0,0,0,0,0,0,0,0.0021057129*J1^1*Q^3+-0.0005264282*Q^4+0,0,0,0,0,0,0,0,0,0.0007019043*J1^1*Q^3+-0.0005264282*Q^4+0,0,0,0,0,0,0,0,0,0,0,0,0,0,0,0,0,0,0,0,0,0,0,0,0,0,0,0,0,0,0,0,0,0,0,0,0},
{0,0,0,0,0,0,0,0,0,0,0,0,0,0,0,0,0,0,0,0.0021057129*J1^1*Q^3+-0.0005264282*Q^4+0,0,0,0,0,0,0,0.0007019043*J1^1*Q^3+-0.0005264282*Q^4+0,0.0008104893*J1^1*Q^3+-0.0006078670*Q^4+0,0,0,0,0,0,0,0,0,0,0,0,0,0,0,0,0,0,0,0,0,0,0,0,0,0,0,0,0,0,0,0,0,0,0,0,0},
{0,0,0,0,0,0,0,0,0,0,0,0,0,0,0,0,0.0021057129*J1^1*Q^3+-0.0005264282*Q^4+0,0,0.0024314678*J1^1*Q^3+-0.0006078670*Q^4+0,0,0,0,0,0,0,0.0007019043*J1^1*Q^3+-0.0005264282*Q^4+0,0,0.0008104893*J1^1*Q^3+-0.0006078670*Q^4+0,0,0,0,0,0,0,0,0,0,0,0,0,0,0,0,0,0,0,0,0,0,0,0,0,0,0,0,0,0,0,0,0,0,0,0,0},
{0,0,0,0,0,0,0,0,0,0,0,0,0,0,0,0,0,0.0021057129*J1^1*Q^3+-0.0005264282*Q^4+0,0,0.0024314678*J1^1*Q^3+-0.0006078670*Q^4+0,0,0,0,0,0.0007019043*J1^1*Q^3+-0.0005264282*Q^4+0,0.0008104893*J1^1*Q^3+-0.0006078670*Q^4+0,0.0008104893*J1^1*Q^3+-0.0006078670*Q^4+0,0.0009358724*J1^1*Q^3+-0.0007019043*Q^4+0,0,0,0,0,0,0,0,0,0,0,0,0,0,0,0,0,0,0,0,0,0,0,0,0,0,0,0,0,0,0,0,0,0,0,0,0},
{0,0,0,0,0,0,0,0,0,0,0,0,0,0,0,0,0,0,0,0,0,0,0.0021057129*J1^1*Q^3+-0.0005264282*Q^4+0,0,0,0,0,0,0,0,0,0.0007019043*J1^1*Q^3+-0.0005264282*Q^4+0,0,0,0,0,0,0,0,0,0,0,0,0,0,0,0,0,0,0,0,0,0,0,0,0,0,0,0,0,0,0,0,0},
{0,0,0,0,0,0,0,0,0,0,0,0,0,0,0,0,0,0,0,0,0,0,0,0.0021057129*J1^1*Q^3+-0.0005264282*Q^4+0,0,0,0,0,0,0,0.0007019043*J1^1*Q^3+-0.0005264282*Q^4+0,0.0008104893*J1^1*Q^3+-0.0006078670*Q^4+0,0,0,0,0,0,0,0,0,0,0,0,0,0,0,0,0,0,0,0,0,0,0,0,0,0,0,0,0,0,0,0,0},
{0,0,0,0,0,0,0,0,0,0,0,0,0,0,0,0,0,0,0,0,0.0021057129*J1^1*Q^3+-0.0005264282*Q^4+0,0,0.0024314678*J1^1*Q^3+-0.0006078670*Q^4+0,0,0,0,0,0,0,0.0007019043*J1^1*Q^3+-0.0005264282*Q^4+0,0,0.0008104893*J1^1*Q^3+-0.0006078670*Q^4+0,0,0,0,0,0,0,0,0,0,0,0,0,0,0,0,0,0,0,0,0,0,0,0,0,0,0,0,0,0,0,0,0},
{0,0,0,0,0,0,0,0,0,0,0,0,0,0,0,0,0,0,0,0,0,0.0021057129*J1^1*Q^3+-0.0005264282*Q^4+0,0,0.0024314678*J1^1*Q^3+-0.0006078670*Q^4+0,0,0,0,0,0.0007019043*J1^1*Q^3+-0.0005264282*Q^4+0,0.0008104893*J1^1*Q^3+-0.0006078670*Q^4+0,0.0008104893*J1^1*Q^3+-0.0006078670*Q^4+0,0.0009358724*J1^1*Q^3+-0.0007019043*Q^4+0,0,0,0,0,0,0,0,0,0,0,0,0,0,0,0,0,0,0,0,0,0,0,0,0,0,0,0,0,0,0,0,0},
{0,0,0,0,0,0,0,0,0,0,0,0,0,0,0,0,0,0,0,0.0007019043*J1^1*Q^3+-0.0005264282*Q^4+0,0,0,0,0,0,0,0.0021057129*J1^1*Q^3+-0.0005264282*Q^4+0,0.0008104893*J1^1*Q^3+-0.0006078670*Q^4+0,0,0,0,0,0,0,0,0,0,0,0,0,0,0,0,0,0,0,0,0,0,0,0,0,0,0,0,0,0,0,0,0,0,0,0,0},
{0,0,0,0,0,0,0,0,0,0,0,0,0,0,0,0,0,0,0.0007019043*J1^1*Q^3+-0.0005264282*Q^4+0,0.0008104893*J1^1*Q^3+-0.0006078670*Q^4+0,0,0,0,0,0,0,0.0008104893*J1^1*Q^3+-0.0006078670*Q^4+0,0.0030415853*J1^1*Q^3+-0.0012283325*Q^4+0,0,0,0,0,0,0,0,0,0,0,0,0,0,0,0,0,0,0,0,0,0,0,0,0,0,0,0,0,0,0,0,0,0,0,0,0},
{0,0,0,0,0,0,0,0,0,0,0,0,0,0,0,0,0,0.0007019043*J1^1*Q^3+-0.0005264282*Q^4+0,0,0.0008104893*J1^1*Q^3+-0.0006078670*Q^4+0,0,0,0,0,0.0021057129*J1^1*Q^3+-0.0005264282*Q^4+0,0.0008104893*J1^1*Q^3+-0.0006078670*Q^4+0,0.0024314678*J1^1*Q^3+-0.0006078670*Q^4+0,0.0009358724*J1^1*Q^3+-0.0007019043*Q^4+0,0,0,0,0,0,0,0,0,0,0,0,0,0,0,0,0,0,0,0,0,0,0,0,0,0,0,0,0,0,0,0,0,0,0,0,0},
{0,0,0,0,0,0,0,0,0,0,0,0,0,0,0,0,0.0007019043*J1^1*Q^3+-0.0005264282*Q^4+0,0.0008104893*J1^1*Q^3+-0.0006078670*Q^4+0,0.0008104893*J1^1*Q^3+-0.0006078670*Q^4+0,0.0009358724*J1^1*Q^3+-0.0007019043*Q^4+0,0,0,0,0,0.0008104893*J1^1*Q^3+-0.0006078670*Q^4+0,0.0030415853*J1^1*Q^3+-0.0012283325*Q^4+0,0.0009358724*J1^1*Q^3+-0.0007019043*Q^4+0,0.0035121202*J1^1*Q^3+-0.0014183562*Q^4+0,0,0,0,0,0,0,0,0,0,0,0,0,0,0,0,0,0,0,0,0,0,0,0,0,0,0,0,0,0,0,0,0,0,0,0,0},
{0,0,0,0,0,0,0,0,0,0,0,0,0,0,0,0,0,0,0,0,0,0,0,0.0007019043*J1^1*Q^3+-0.0005264282*Q^4+0,0,0,0,0,0,0,0.0021057129*J1^1*Q^3+-0.0005264282*Q^4+0,0.0008104893*J1^1*Q^3+-0.0006078670*Q^4+0,0,0,0,0,0,0,0,0,0,0,0,0,0,0,0,0,0,0,0,0,0,0,0,0,0,0,0,0,0,0,0,0},
{0,0,0,0,0,0,0,0,0,0,0,0,0,0,0,0,0,0,0,0,0,0,0.0007019043*J1^1*Q^3+-0.0005264282*Q^4+0,0.0008104893*J1^1*Q^3+-0.0006078670*Q^4+0,0,0,0,0,0,0,0.0008104893*J1^1*Q^3+-0.0006078670*Q^4+0,0.0030415853*J1^1*Q^3+-0.0012283325*Q^4+0,0,0,0,0,0,0,0,0,0,0,0,0,0,0,0,0,0,0,0,0,0,0,0,0,0,0,0,0,0,0,0,0},
{0,0,0,0,0,0,0,0,0,0,0,0,0,0,0,0,0,0,0,0,0,0.0007019043*J1^1*Q^3+-0.0005264282*Q^4+0,0,0.0008104893*J1^1*Q^3+-0.0006078670*Q^4+0,0,0,0,0,0.0021057129*J1^1*Q^3+-0.0005264282*Q^4+0,0.0008104893*J1^1*Q^3+-0.0006078670*Q^4+0,0.0024314678*J1^1*Q^3+-0.0006078670*Q^4+0,0.0009358724*J1^1*Q^3+-0.0007019043*Q^4+0,0,0,0,0,0,0,0,0,0,0,0,0,0,0,0,0,0,0,0,0,0,0,0,0,0,0,0,0,0,0,0,0},
{0,0,0,0,0,0,0,0,0,0,0,0,0,0,0,0,0,0,0,0,0.0007019043*J1^1*Q^3+-0.0005264282*Q^4+0,0.0008104893*J1^1*Q^3+-0.0006078670*Q^4+0,0.0008104893*J1^1*Q^3+-0.0006078670*Q^4+0,0.0009358724*J1^1*Q^3+-0.0007019043*Q^4+0,0,0,0,0,0.0008104893*J1^1*Q^3+-0.0006078670*Q^4+0,0.0030415853*J1^1*Q^3+-0.0012283325*Q^4+0,0.0009358724*J1^1*Q^3+-0.0007019043*Q^4+0,0.0035121202*J1^1*Q^3+-0.0014183562*Q^4+0,0,0,0,0,0,0,0,0,0,0,0,0,0,0,0,0,0,0,0,0,0,0,0,0,0,0,0,0,0,0,0,0},
{0,0,0.0021057129*J1^1*Q^3+-0.0005264282*Q^4+0,0,0,0,0,0,0,0,0,0.0007019043*J1^1*Q^3+-0.0005264282*Q^4+0,0,0,0,0,0,0,0.0024314678*J1^1*Q^3+-0.0006078670*Q^4+0,0,0,0,0,0,0,0,0,0.0008104893*J1^1*Q^3+-0.0006078670*Q^4+0,0,0,0,0,0,0,0,0,0,0,0,0,0,0,0,0,0,0,0,0,0,0,0,0,0,0,0,0,0,0,0,0,0,0,0,0},
{0,0,0,0.0021057129*J1^1*Q^3+-0.0005264282*Q^4+0,0,0,0,0,0,0,0.0007019043*J1^1*Q^3+-0.0005264282*Q^4+0,0.0008104893*J1^1*Q^3+-0.0006078670*Q^4+0,0,0,0,0,0,0,0,0.0024314678*J1^1*Q^3+-0.0006078670*Q^4+0,0,0,0,0,0,0,0.0008104893*J1^1*Q^3+-0.0006078670*Q^4+0,0.0009358724*J1^1*Q^3+-0.0007019043*Q^4+0,0,0,0,0,0,0,0,0,0,0,0,0,0,0,0,0,0,0,0,0,0,0,0,0,0,0,0,0,0,0,0,0,0,0,0,0},
{0.0021057129*J1^1*Q^3+-0.0005264282*Q^4+0,0,0.0024314678*J1^1*Q^3+-0.0006078670*Q^4+0,0,0,0,0,0,0,0.0007019043*J1^1*Q^3+-0.0005264282*Q^4+0,0,0.0008104893*J1^1*Q^3+-0.0006078670*Q^4+0,0,0,0,0,0.0024314678*J1^1*Q^3+-0.0006078670*Q^4+0,0,0.0028076172*J1^1*Q^3+-0.0007019043*Q^4+0,0,0,0,0,0,0,0.0008104893*J1^1*Q^3+-0.0006078670*Q^4+0,0,0.0009358724*J1^1*Q^3+-0.0007019043*Q^4+0,0,0,0,0,0,0,0,0,0,0,0,0,0,0,0,0,0,0,0,0,0,0,0,0,0,0,0,0,0,0,0,0,0,0,0,0},
{0,0.0021057129*J1^1*Q^3+-0.0005264282*Q^4+0,0,0.0024314678*J1^1*Q^3+-0.0006078670*Q^4+0,0,0,0,0,0.0007019043*J1^1*Q^3+-0.0005264282*Q^4+0,0.0008104893*J1^1*Q^3+-0.0006078670*Q^4+0,0.0008104893*J1^1*Q^3+-0.0006078670*Q^4+0,0.0009358724*J1^1*Q^3+-0.0007019043*Q^4+0,0,0,0,0,0,0.0024314678*J1^1*Q^3+-0.0006078670*Q^4+0,0,0.0028076172*J1^1*Q^3+-0.0007019043*Q^4+0,0,0,0,0,0.0008104893*J1^1*Q^3+-0.0006078670*Q^4+0,0.0009358724*J1^1*Q^3+-0.0007019043*Q^4+0,0.0009358724*J1^1*Q^3+-0.0007019043*Q^4+0,0.0010806524*J1^1*Q^3+-0.0008104893*Q^4+0,0,0,0,0,0,0,0,0,0,0,0,0,0,0,0,0,0,0,0,0,0,0,0,0,0,0,0,0,0,0,0,0,0,0,0,0},
{0,0,0,0,0,0,0.0021057129*J1^1*Q^3+-0.0005264282*Q^4+0,0,0,0,0,0,0,0,0,0.0007019043*J1^1*Q^3+-0.0005264282*Q^4+0,0,0,0,0,0,0,0.0024314678*J1^1*Q^3+-0.0006078670*Q^4+0,0,0,0,0,0,0,0,0,0.0008104893*J1^1*Q^3+-0.0006078670*Q^4+0,0,0,0,0,0,0,0,0,0,0,0,0,0,0,0,0,0,0,0,0,0,0,0,0,0,0,0,0,0,0,0,0},
{0,0,0,0,0,0,0,0.0021057129*J1^1*Q^3+-0.0005264282*Q^4+0,0,0,0,0,0,0,0.0007019043*J1^1*Q^3+-0.0005264282*Q^4+0,0.0008104893*J1^1*Q^3+-0.0006078670*Q^4+0,0,0,0,0,0,0,0,0.0024314678*J1^1*Q^3+-0.0006078670*Q^4+0,0,0,0,0,0,0,0.0008104893*J1^1*Q^3+-0.0006078670*Q^4+0,0.0009358724*J1^1*Q^3+-0.0007019043*Q^4+0,0,0,0,0,0,0,0,0,0,0,0,0,0,0,0,0,0,0,0,0,0,0,0,0,0,0,0,0,0,0,0,0},
{0,0,0,0,0.0021057129*J1^1*Q^3+-0.0005264282*Q^4+0,0,0.0024314678*J1^1*Q^3+-0.0006078670*Q^4+0,0,0,0,0,0,0,0.0007019043*J1^1*Q^3+-0.0005264282*Q^4+0,0,0.0008104893*J1^1*Q^3+-0.0006078670*Q^4+0,0,0,0,0,0.0024314678*J1^1*Q^3+-0.0006078670*Q^4+0,0,0.0028076172*J1^1*Q^3+-0.0007019043*Q^4+0,0,0,0,0,0,0,0.0008104893*J1^1*Q^3+-0.0006078670*Q^4+0,0,0.0009358724*J1^1*Q^3+-0.0007019043*Q^4+0,0,0,0,0,0,0,0,0,0,0,0,0,0,0,0,0,0,0,0,0,0,0,0,0,0,0,0,0,0,0,0,0},
{0,0,0,0,0,0.0021057129*J1^1*Q^3+-0.0005264282*Q^4+0,0,0.0024314678*J1^1*Q^3+-0.0006078670*Q^4+0,0,0,0,0,0.0007019043*J1^1*Q^3+-0.0005264282*Q^4+0,0.0008104893*J1^1*Q^3+-0.0006078670*Q^4+0,0.0008104893*J1^1*Q^3+-0.0006078670*Q^4+0,0.0009358724*J1^1*Q^3+-0.0007019043*Q^4+0,0,0,0,0,0,0.0024314678*J1^1*Q^3+-0.0006078670*Q^4+0,0,0.0028076172*J1^1*Q^3+-0.0007019043*Q^4+0,0,0,0,0,0.0008104893*J1^1*Q^3+-0.0006078670*Q^4+0,0.0009358724*J1^1*Q^3+-0.0007019043*Q^4+0,0.0009358724*J1^1*Q^3+-0.0007019043*Q^4+0,0.0010806524*J1^1*Q^3+-0.0008104893*Q^4+0,0,0,0,0,0,0,0,0,0,0,0,0,0,0,0,0,0,0,0,0,0,0,0,0,0,0,0,0,0,0,0,0},
{0,0,0,0.0007019043*J1^1*Q^3+-0.0005264282*Q^4+0,0,0,0,0,0,0,0.0021057129*J1^1*Q^3+-0.0005264282*Q^4+0,0.0008104893*J1^1*Q^3+-0.0006078670*Q^4+0,0,0,0,0,0,0,0,0.0008104893*J1^1*Q^3+-0.0006078670*Q^4+0,0,0,0,0,0,0,0.0024314678*J1^1*Q^3+-0.0006078670*Q^4+0,0.0009358724*J1^1*Q^3+-0.0007019043*Q^4+0,0,0,0,0,0,0,0,0,0,0,0,0,0,0,0,0,0,0,0,0,0,0,0,0,0,0,0,0,0,0,0,0,0,0,0,0},
{0,0,0.0007019043*J1^1*Q^3+-0.0005264282*Q^4+0,0.0008104893*J1^1*Q^3+-0.0006078670*Q^4+0,0,0,0,0,0,0,0.0008104893*J1^1*Q^3+-0.0006078670*Q^4+0,0.0030415853*J1^1*Q^3+-0.0012283325*Q^4+0,0,0,0,0,0,0,0.0008104893*J1^1*Q^3+-0.0006078670*Q^4+0,0.0009358724*J1^1*Q^3+-0.0007019043*Q^4+0,0,0,0,0,0,0,0.0009358724*J1^1*Q^3+-0.0007019043*Q^4+0,0.0035121202*J1^1*Q^3+-0.0014183562*Q^4+0,0,0,0,0,0,0,0,0,0,0,0,0,0,0,0,0,0,0,0,0,0,0,0,0,0,0,0,0,0,0,0,0,0,0,0,0},
{0,0.0007019043*J1^1*Q^3+-0.0005264282*Q^4+0,0,0.0008104893*J1^1*Q^3+-0.0006078670*Q^4+0,0,0,0,0,0.0021057129*J1^1*Q^3+-0.0005264282*Q^4+0,0.0008104893*J1^1*Q^3+-0.0006078670*Q^4+0,0.0024314678*J1^1*Q^3+-0.0006078670*Q^4+0,0.0009358724*J1^1*Q^3+-0.0007019043*Q^4+0,0,0,0,0,0,0.0008104893*J1^1*Q^3+-0.0006078670*Q^4+0,0,0.0009358724*J1^1*Q^3+-0.0007019043*Q^4+0,0,0,0,0,0.0024314678*J1^1*Q^3+-0.0006078670*Q^4+0,0.0009358724*J1^1*Q^3+-0.0007019043*Q^4+0,0.0028076172*J1^1*Q^3+-0.0007019043*Q^4+0,0.0010806524*J1^1*Q^3+-0.0008104893*Q^4+0,0,0,0,0,0,0,0,0,0,0,0,0,0,0,0,0,0,0,0,0,0,0,0,0,0,0,0,0,0,0,0,0,0,0,0,0},
{0.0007019043*J1^1*Q^3+-0.0005264282*Q^4+0,0.0008104893*J1^1*Q^3+-0.0006078670*Q^4+0,0.0008104893*J1^1*Q^3+-0.0006078670*Q^4+0,0.0009358724*J1^1*Q^3+-0.0007019043*Q^4+0,0,0,0,0,0.0008104893*J1^1*Q^3+-0.0006078670*Q^4+0,0.0030415853*J1^1*Q^3+-0.0012283325*Q^4+0,0.0009358724*J1^1*Q^3+-0.0007019043*Q^4+0,0.0035121202*J1^1*Q^3+-0.0014183562*Q^4+0,0,0,0,0,0.0008104893*J1^1*Q^3+-0.0006078670*Q^4+0,0.0009358724*J1^1*Q^3+-0.0007019043*Q^4+0,0.0009358724*J1^1*Q^3+-0.0007019043*Q^4+0,0.0010806524*J1^1*Q^3+-0.0008104893*Q^4+0,0,0,0,0,0.0009358724*J1^1*Q^3+-0.0007019043*Q^4+0,0.0035121202*J1^1*Q^3+-0.0014183562*Q^4+0,0.0010806524*J1^1*Q^3+-0.0008104893*Q^4+0,0.0040554470*J1^1*Q^3+-0.0016377767*Q^4+0,0,0,0,0,0,0,0,0,0,0,0,0,0,0,0,0,0,0,0,0,0,0,0,0,0,0,0,0,0,0,0,0,0,0,0,0},
{0,0,0,0,0,0,0,0.0007019043*J1^1*Q^3+-0.0005264282*Q^4+0,0,0,0,0,0,0,0.0021057129*J1^1*Q^3+-0.0005264282*Q^4+0,0.0008104893*J1^1*Q^3+-0.0006078670*Q^4+0,0,0,0,0,0,0,0,0.0008104893*J1^1*Q^3+-0.0006078670*Q^4+0,0,0,0,0,0,0,0.0024314678*J1^1*Q^3+-0.0006078670*Q^4+0,0.0009358724*J1^1*Q^3+-0.0007019043*Q^4+0,0,0,0,0,0,0,0,0,0,0,0,0,0,0,0,0,0,0,0,0,0,0,0,0,0,0,0,0,0,0,0,0},
{0,0,0,0,0,0,0.0007019043*J1^1*Q^3+-0.0005264282*Q^4+0,0.0008104893*J1^1*Q^3+-0.0006078670*Q^4+0,0,0,0,0,0,0,0.0008104893*J1^1*Q^3+-0.0006078670*Q^4+0,0.0030415853*J1^1*Q^3+-0.0012283325*Q^4+0,0,0,0,0,0,0,0.0008104893*J1^1*Q^3+-0.0006078670*Q^4+0,0.0009358724*J1^1*Q^3+-0.0007019043*Q^4+0,0,0,0,0,0,0,0.0009358724*J1^1*Q^3+-0.0007019043*Q^4+0,0.0035121202*J1^1*Q^3+-0.0014183562*Q^4+0,0,0,0,0,0,0,0,0,0,0,0,0,0,0,0,0,0,0,0,0,0,0,0,0,0,0,0,0,0,0,0,0},
{0,0,0,0,0,0.0007019043*J1^1*Q^3+-0.0005264282*Q^4+0,0,0.0008104893*J1^1*Q^3+-0.0006078670*Q^4+0,0,0,0,0,0.0021057129*J1^1*Q^3+-0.0005264282*Q^4+0,0.0008104893*J1^1*Q^3+-0.0006078670*Q^4+0,0.0024314678*J1^1*Q^3+-0.0006078670*Q^4+0,0.0009358724*J1^1*Q^3+-0.0007019043*Q^4+0,0,0,0,0,0,0.0008104893*J1^1*Q^3+-0.0006078670*Q^4+0,0,0.0009358724*J1^1*Q^3+-0.0007019043*Q^4+0,0,0,0,0,0.0024314678*J1^1*Q^3+-0.0006078670*Q^4+0,0.0009358724*J1^1*Q^3+-0.0007019043*Q^4+0,0.0028076172*J1^1*Q^3+-0.0007019043*Q^4+0,0.0010806524*J1^1*Q^3+-0.0008104893*Q^4+0,0,0,0,0,0,0,0,0,0,0,0,0,0,0,0,0,0,0,0,0,0,0,0,0,0,0,0,0,0,0,0,0},
{0,0,0,0,0.0007019043*J1^1*Q^3+-0.0005264282*Q^4+0,0.0008104893*J1^1*Q^3+-0.0006078670*Q^4+0,0.0008104893*J1^1*Q^3+-0.0006078670*Q^4+0,0.0009358724*J1^1*Q^3+-0.0007019043*Q^4+0,0,0,0,0,0.0008104893*J1^1*Q^3+-0.0006078670*Q^4+0,0.0030415853*J1^1*Q^3+-0.0012283325*Q^4+0,0.0009358724*J1^1*Q^3+-0.0007019043*Q^4+0,0.0035121202*J1^1*Q^3+-0.0014183562*Q^4+0,0,0,0,0,0.0008104893*J1^1*Q^3+-0.0006078670*Q^4+0,0.0009358724*J1^1*Q^3+-0.0007019043*Q^4+0,0.0009358724*J1^1*Q^3+-0.0007019043*Q^4+0,0.0010806524*J1^1*Q^3+-0.0008104893*Q^4+0,0,0,0,0,0.0009358724*J1^1*Q^3+-0.0007019043*Q^4+0,0.0035121202*J1^1*Q^3+-0.0014183562*Q^4+0,0.0010806524*J1^1*Q^3+-0.0008104893*Q^4+0,0.0040554470*J1^1*Q^3+-0.0016377767*Q^4+0,0,0,0,0,0,0,0,0,0,0,0,0,0,0,0,0,0,0,0,0,0,0,0,0,0,0,0,0,0,0,0,0},
{0,0,0,0,0,0,0,0,0,0,0,0,0,0,0,0,0,0,0,0,0,0,0,0,0,0,0,0,0,0,0,0,0,0,0,0,0,0,0,0,0,0,0,0,0,0,0,0,0,0,0.0021057129*J1^1*Q^3+-0.0005264282*Q^4+0,0,0,0,0,0,0,0,0,0.0007019043*J1^1*Q^3+-0.0005264282*Q^4+0,0,0,0,0},
{0,0,0,0,0,0,0,0,0,0,0,0,0,0,0,0,0,0,0,0,0,0,0,0,0,0,0,0,0,0,0,0,0,0,0,0,0,0,0,0,0,0,0,0,0,0,0,0,0,0,0,0.0021057129*J1^1*Q^3+-0.0005264282*Q^4+0,0,0,0,0,0,0,0.0007019043*J1^1*Q^3+-0.0005264282*Q^4+0,0.0008104893*J1^1*Q^3+-0.0006078670*Q^4+0,0,0,0,0},
{0,0,0,0,0,0,0,0,0,0,0,0,0,0,0,0,0,0,0,0,0,0,0,0,0,0,0,0,0,0,0,0,0,0,0,0,0,0,0,0,0,0,0,0,0,0,0,0,0.0021057129*J1^1*Q^3+-0.0005264282*Q^4+0,0,0.0024314678*J1^1*Q^3+-0.0006078670*Q^4+0,0,0,0,0,0,0,0.0007019043*J1^1*Q^3+-0.0005264282*Q^4+0,0,0.0008104893*J1^1*Q^3+-0.0006078670*Q^4+0,0,0,0,0},
{0,0,0,0,0,0,0,0,0,0,0,0,0,0,0,0,0,0,0,0,0,0,0,0,0,0,0,0,0,0,0,0,0,0,0,0,0,0,0,0,0,0,0,0,0,0,0,0,0,0.0021057129*J1^1*Q^3+-0.0005264282*Q^4+0,0,0.0024314678*J1^1*Q^3+-0.0006078670*Q^4+0,0,0,0,0,0.0007019043*J1^1*Q^3+-0.0005264282*Q^4+0,0.0008104893*J1^1*Q^3+-0.0006078670*Q^4+0,0.0008104893*J1^1*Q^3+-0.0006078670*Q^4+0,0.0009358724*J1^1*Q^3+-0.0007019043*Q^4+0,0,0,0,0},
{0,0,0,0,0,0,0,0,0,0,0,0,0,0,0,0,0,0,0,0,0,0,0,0,0,0,0,0,0,0,0,0,0,0,0,0,0,0,0,0,0,0,0,0,0,0,0,0,0,0,0,0,0,0,0.0021057129*J1^1*Q^3+-0.0005264282*Q^4+0,0,0,0,0,0,0,0,0,0.0007019043*J1^1*Q^3+-0.0005264282*Q^4+0},
{0,0,0,0,0,0,0,0,0,0,0,0,0,0,0,0,0,0,0,0,0,0,0,0,0,0,0,0,0,0,0,0,0,0,0,0,0,0,0,0,0,0,0,0,0,0,0,0,0,0,0,0,0,0,0,0.0021057129*J1^1*Q^3+-0.0005264282*Q^4+0,0,0,0,0,0,0,0.0007019043*J1^1*Q^3+-0.0005264282*Q^4+0,0.0008104893*J1^1*Q^3+-0.0006078670*Q^4+0},
{0,0,0,0,0,0,0,0,0,0,0,0,0,0,0,0,0,0,0,0,0,0,0,0,0,0,0,0,0,0,0,0,0,0,0,0,0,0,0,0,0,0,0,0,0,0,0,0,0,0,0,0,0.0021057129*J1^1*Q^3+-0.0005264282*Q^4+0,0,0.0024314678*J1^1*Q^3+-0.0006078670*Q^4+0,0,0,0,0,0,0,0.0007019043*J1^1*Q^3+-0.0005264282*Q^4+0,0,0.0008104893*J1^1*Q^3+-0.0006078670*Q^4+0},
{0,0,0,0,0,0,0,0,0,0,0,0,0,0,0,0,0,0,0,0,0,0,0,0,0,0,0,0,0,0,0,0,0,0,0,0,0,0,0,0,0,0,0,0,0,0,0,0,0,0,0,0,0,0.0021057129*J1^1*Q^3+-0.0005264282*Q^4+0,0,0.0024314678*J1^1*Q^3+-0.0006078670*Q^4+0,0,0,0,0,0.0007019043*J1^1*Q^3+-0.0005264282*Q^4+0,0.0008104893*J1^1*Q^3+-0.0006078670*Q^4+0,0.0008104893*J1^1*Q^3+-0.0006078670*Q^4+0,0.0009358724*J1^1*Q^3+-0.0007019043*Q^4+0},
{0,0,0,0,0,0,0,0,0,0,0,0,0,0,0,0,0,0,0,0,0,0,0,0,0,0,0,0,0,0,0,0,0,0,0,0,0,0,0,0,0,0,0,0,0,0,0,0,0,0,0,0.0007019043*J1^1*Q^3+-0.0005264282*Q^4+0,0,0,0,0,0,0,0.0021057129*J1^1*Q^3+-0.0005264282*Q^4+0,0.0008104893*J1^1*Q^3+-0.0006078670*Q^4+0,0,0,0,0},
{0,0,0,0,0,0,0,0,0,0,0,0,0,0,0,0,0,0,0,0,0,0,0,0,0,0,0,0,0,0,0,0,0,0,0,0,0,0,0,0,0,0,0,0,0,0,0,0,0,0,0.0007019043*J1^1*Q^3+-0.0005264282*Q^4+0,0.0008104893*J1^1*Q^3+-0.0006078670*Q^4+0,0,0,0,0,0,0,0.0008104893*J1^1*Q^3+-0.0006078670*Q^4+0,0.0030415853*J1^1*Q^3+-0.0012283325*Q^4+0,0,0,0,0},
{0,0,0,0,0,0,0,0,0,0,0,0,0,0,0,0,0,0,0,0,0,0,0,0,0,0,0,0,0,0,0,0,0,0,0,0,0,0,0,0,0,0,0,0,0,0,0,0,0,0.0007019043*J1^1*Q^3+-0.0005264282*Q^4+0,0,0.0008104893*J1^1*Q^3+-0.0006078670*Q^4+0,0,0,0,0,0.0021057129*J1^1*Q^3+-0.0005264282*Q^4+0,0.0008104893*J1^1*Q^3+-0.0006078670*Q^4+0,0.0024314678*J1^1*Q^3+-0.0006078670*Q^4+0,0.0009358724*J1^1*Q^3+-0.0007019043*Q^4+0,0,0,0,0},
{0,0,0,0,0,0,0,0,0,0,0,0,0,0,0,0,0,0,0,0,0,0,0,0,0,0,0,0,0,0,0,0,0,0,0,0,0,0,0,0,0,0,0,0,0,0,0,0,0.0007019043*J1^1*Q^3+-0.0005264282*Q^4+0,0.0008104893*J1^1*Q^3+-0.0006078670*Q^4+0,0.0008104893*J1^1*Q^3+-0.0006078670*Q^4+0,0.0009358724*J1^1*Q^3+-0.0007019043*Q^4+0,0,0,0,0,0.0008104893*J1^1*Q^3+-0.0006078670*Q^4+0,0.0030415853*J1^1*Q^3+-0.0012283325*Q^4+0,0.0009358724*J1^1*Q^3+-0.0007019043*Q^4+0,0.0035121202*J1^1*Q^3+-0.0014183562*Q^4+0,0,0,0,0},
{0,0,0,0,0,0,0,0,0,0,0,0,0,0,0,0,0,0,0,0,0,0,0,0,0,0,0,0,0,0,0,0,0,0,0,0,0,0,0,0,0,0,0,0,0,0,0,0,0,0,0,0,0,0,0,0.0007019043*J1^1*Q^3+-0.0005264282*Q^4+0,0,0,0,0,0,0,0.0021057129*J1^1*Q^3+-0.0005264282*Q^4+0,0.0008104893*J1^1*Q^3+-0.0006078670*Q^4+0},
{0,0,0,0,0,0,0,0,0,0,0,0,0,0,0,0,0,0,0,0,0,0,0,0,0,0,0,0,0,0,0,0,0,0,0,0,0,0,0,0,0,0,0,0,0,0,0,0,0,0,0,0,0,0,0.0007019043*J1^1*Q^3+-0.0005264282*Q^4+0,0.0008104893*J1^1*Q^3+-0.0006078670*Q^4+0,0,0,0,0,0,0,0.0008104893*J1^1*Q^3+-0.0006078670*Q^4+0,0.0030415853*J1^1*Q^3+-0.0012283325*Q^4+0},
{0,0,0,0,0,0,0,0,0,0,0,0,0,0,0,0,0,0,0,0,0,0,0,0,0,0,0,0,0,0,0,0,0,0,0,0,0,0,0,0,0,0,0,0,0,0,0,0,0,0,0,0,0,0.0007019043*J1^1*Q^3+-0.0005264282*Q^4+0,0,0.0008104893*J1^1*Q^3+-0.0006078670*Q^4+0,0,0,0,0,0.0021057129*J1^1*Q^3+-0.0005264282*Q^4+0,0.0008104893*J1^1*Q^3+-0.0006078670*Q^4+0,0.0024314678*J1^1*Q^3+-0.0006078670*Q^4+0,0.0009358724*J1^1*Q^3+-0.0007019043*Q^4+0},
{0,0,0,0,0,0,0,0,0,0,0,0,0,0,0,0,0,0,0,0,0,0,0,0,0,0,0,0,0,0,0,0,0,0,0,0,0,0,0,0,0,0,0,0,0,0,0,0,0,0,0,0,0.0007019043*J1^1*Q^3+-0.0005264282*Q^4+0,0.0008104893*J1^1*Q^3+-0.0006078670*Q^4+0,0.0008104893*J1^1*Q^3+-0.0006078670*Q^4+0,0.0009358724*J1^1*Q^3+-0.0007019043*Q^4+0,0,0,0,0,0.0008104893*J1^1*Q^3+-0.0006078670*Q^4+0,0.0030415853*J1^1*Q^3+-0.0012283325*Q^4+0,0.0009358724*J1^1*Q^3+-0.0007019043*Q^4+0,0.0035121202*J1^1*Q^3+-0.0014183562*Q^4+0},
{0,0,0,0,0,0,0,0,0,0,0,0,0,0,0,0,0,0,0,0,0,0,0,0,0,0,0,0,0,0,0,0,0,0,0.0021057129*J1^1*Q^3+-0.0005264282*Q^4+0,0,0,0,0,0,0,0,0,0.0007019043*J1^1*Q^3+-0.0005264282*Q^4+0,0,0,0,0,0,0,0.0024314678*J1^1*Q^3+-0.0006078670*Q^4+0,0,0,0,0,0,0,0,0,0.0008104893*J1^1*Q^3+-0.0006078670*Q^4+0,0,0,0,0},
{0,0,0,0,0,0,0,0,0,0,0,0,0,0,0,0,0,0,0,0,0,0,0,0,0,0,0,0,0,0,0,0,0,0,0,0.0021057129*J1^1*Q^3+-0.0005264282*Q^4+0,0,0,0,0,0,0,0.0007019043*J1^1*Q^3+-0.0005264282*Q^4+0,0.0008104893*J1^1*Q^3+-0.0006078670*Q^4+0,0,0,0,0,0,0,0,0.0024314678*J1^1*Q^3+-0.0006078670*Q^4+0,0,0,0,0,0,0,0.0008104893*J1^1*Q^3+-0.0006078670*Q^4+0,0.0009358724*J1^1*Q^3+-0.0007019043*Q^4+0,0,0,0,0},
{0,0,0,0,0,0,0,0,0,0,0,0,0,0,0,0,0,0,0,0,0,0,0,0,0,0,0,0,0,0,0,0,0.0021057129*J1^1*Q^3+-0.0005264282*Q^4+0,0,0.0024314678*J1^1*Q^3+-0.0006078670*Q^4+0,0,0,0,0,0,0,0.0007019043*J1^1*Q^3+-0.0005264282*Q^4+0,0,0.0008104893*J1^1*Q^3+-0.0006078670*Q^4+0,0,0,0,0,0.0024314678*J1^1*Q^3+-0.0006078670*Q^4+0,0,0.0028076172*J1^1*Q^3+-0.0007019043*Q^4+0,0,0,0,0,0,0,0.0008104893*J1^1*Q^3+-0.0006078670*Q^4+0,0,0.0009358724*J1^1*Q^3+-0.0007019043*Q^4+0,0,0,0,0},
{0,0,0,0,0,0,0,0,0,0,0,0,0,0,0,0,0,0,0,0,0,0,0,0,0,0,0,0,0,0,0,0,0,0.0021057129*J1^1*Q^3+-0.0005264282*Q^4+0,0,0.0024314678*J1^1*Q^3+-0.0006078670*Q^4+0,0,0,0,0,0.0007019043*J1^1*Q^3+-0.0005264282*Q^4+0,0.0008104893*J1^1*Q^3+-0.0006078670*Q^4+0,0.0008104893*J1^1*Q^3+-0.0006078670*Q^4+0,0.0009358724*J1^1*Q^3+-0.0007019043*Q^4+0,0,0,0,0,0,0.0024314678*J1^1*Q^3+-0.0006078670*Q^4+0,0,0.0028076172*J1^1*Q^3+-0.0007019043*Q^4+0,0,0,0,0,0.0008104893*J1^1*Q^3+-0.0006078670*Q^4+0,0.0009358724*J1^1*Q^3+-0.0007019043*Q^4+0,0.0009358724*J1^1*Q^3+-0.0007019043*Q^4+0,0.0010806524*J1^1*Q^3+-0.0008104893*Q^4+0,0,0,0,0},
{0,0,0,0,0,0,0,0,0,0,0,0,0,0,0,0,0,0,0,0,0,0,0,0,0,0,0,0,0,0,0,0,0,0,0,0,0,0,0.0021057129*J1^1*Q^3+-0.0005264282*Q^4+0,0,0,0,0,0,0,0,0,0.0007019043*J1^1*Q^3+-0.0005264282*Q^4+0,0,0,0,0,0,0,0.0024314678*J1^1*Q^3+-0.0006078670*Q^4+0,0,0,0,0,0,0,0,0,0.0008104893*J1^1*Q^3+-0.0006078670*Q^4+0},
{0,0,0,0,0,0,0,0,0,0,0,0,0,0,0,0,0,0,0,0,0,0,0,0,0,0,0,0,0,0,0,0,0,0,0,0,0,0,0,0.0021057129*J1^1*Q^3+-0.0005264282*Q^4+0,0,0,0,0,0,0,0.0007019043*J1^1*Q^3+-0.0005264282*Q^4+0,0.0008104893*J1^1*Q^3+-0.0006078670*Q^4+0,0,0,0,0,0,0,0,0.0024314678*J1^1*Q^3+-0.0006078670*Q^4+0,0,0,0,0,0,0,0.0008104893*J1^1*Q^3+-0.0006078670*Q^4+0,0.0009358724*J1^1*Q^3+-0.0007019043*Q^4+0},
{0,0,0,0,0,0,0,0,0,0,0,0,0,0,0,0,0,0,0,0,0,0,0,0,0,0,0,0,0,0,0,0,0,0,0,0,0.0021057129*J1^1*Q^3+-0.0005264282*Q^4+0,0,0.0024314678*J1^1*Q^3+-0.0006078670*Q^4+0,0,0,0,0,0,0,0.0007019043*J1^1*Q^3+-0.0005264282*Q^4+0,0,0.0008104893*J1^1*Q^3+-0.0006078670*Q^4+0,0,0,0,0,0.0024314678*J1^1*Q^3+-0.0006078670*Q^4+0,0,0.0028076172*J1^1*Q^3+-0.0007019043*Q^4+0,0,0,0,0,0,0,0.0008104893*J1^1*Q^3+-0.0006078670*Q^4+0,0,0.0009358724*J1^1*Q^3+-0.0007019043*Q^4+0},
{0,0,0,0,0,0,0,0,0,0,0,0,0,0,0,0,0,0,0,0,0,0,0,0,0,0,0,0,0,0,0,0,0,0,0,0,0,0.0021057129*J1^1*Q^3+-0.0005264282*Q^4+0,0,0.0024314678*J1^1*Q^3+-0.0006078670*Q^4+0,0,0,0,0,0.0007019043*J1^1*Q^3+-0.0005264282*Q^4+0,0.0008104893*J1^1*Q^3+-0.0006078670*Q^4+0,0.0008104893*J1^1*Q^3+-0.0006078670*Q^4+0,0.0009358724*J1^1*Q^3+-0.0007019043*Q^4+0,0,0,0,0,0,0.0024314678*J1^1*Q^3+-0.0006078670*Q^4+0,0,0.0028076172*J1^1*Q^3+-0.0007019043*Q^4+0,0,0,0,0,0.0008104893*J1^1*Q^3+-0.0006078670*Q^4+0,0.0009358724*J1^1*Q^3+-0.0007019043*Q^4+0,0.0009358724*J1^1*Q^3+-0.0007019043*Q^4+0,0.0010806524*J1^1*Q^3+-0.0008104893*Q^4+0},
{0,0,0,0,0,0,0,0,0,0,0,0,0,0,0,0,0,0,0,0,0,0,0,0,0,0,0,0,0,0,0,0,0,0,0,0.0007019043*J1^1*Q^3+-0.0005264282*Q^4+0,0,0,0,0,0,0,0.0021057129*J1^1*Q^3+-0.0005264282*Q^4+0,0.0008104893*J1^1*Q^3+-0.0006078670*Q^4+0,0,0,0,0,0,0,0,0.0008104893*J1^1*Q^3+-0.0006078670*Q^4+0,0,0,0,0,0,0,0.0024314678*J1^1*Q^3+-0.0006078670*Q^4+0,0.0009358724*J1^1*Q^3+-0.0007019043*Q^4+0,0,0,0,0},
{0,0,0,0,0,0,0,0,0,0,0,0,0,0,0,0,0,0,0,0,0,0,0,0,0,0,0,0,0,0,0,0,0,0,0.0007019043*J1^1*Q^3+-0.0005264282*Q^4+0,0.0008104893*J1^1*Q^3+-0.0006078670*Q^4+0,0,0,0,0,0,0,0.0008104893*J1^1*Q^3+-0.0006078670*Q^4+0,0.0030415853*J1^1*Q^3+-0.0012283325*Q^4+0,0,0,0,0,0,0,0.0008104893*J1^1*Q^3+-0.0006078670*Q^4+0,0.0009358724*J1^1*Q^3+-0.0007019043*Q^4+0,0,0,0,0,0,0,0.0009358724*J1^1*Q^3+-0.0007019043*Q^4+0,0.0035121202*J1^1*Q^3+-0.0014183562*Q^4+0,0,0,0,0},
{0,0,0,0,0,0,0,0,0,0,0,0,0,0,0,0,0,0,0,0,0,0,0,0,0,0,0,0,0,0,0,0,0,0.0007019043*J1^1*Q^3+-0.0005264282*Q^4+0,0,0.0008104893*J1^1*Q^3+-0.0006078670*Q^4+0,0,0,0,0,0.0021057129*J1^1*Q^3+-0.0005264282*Q^4+0,0.0008104893*J1^1*Q^3+-0.0006078670*Q^4+0,0.0024314678*J1^1*Q^3+-0.0006078670*Q^4+0,0.0009358724*J1^1*Q^3+-0.0007019043*Q^4+0,0,0,0,0,0,0.0008104893*J1^1*Q^3+-0.0006078670*Q^4+0,0,0.0009358724*J1^1*Q^3+-0.0007019043*Q^4+0,0,0,0,0,0.0024314678*J1^1*Q^3+-0.0006078670*Q^4+0,0.0009358724*J1^1*Q^3+-0.0007019043*Q^4+0,0.0028076172*J1^1*Q^3+-0.0007019043*Q^4+0,0.0010806524*J1^1*Q^3+-0.0008104893*Q^4+0,0,0,0,0},
{0,0,0,0,0,0,0,0,0,0,0,0,0,0,0,0,0,0,0,0,0,0,0,0,0,0,0,0,0,0,0,0,0.0007019043*J1^1*Q^3+-0.0005264282*Q^4+0,0.0008104893*J1^1*Q^3+-0.0006078670*Q^4+0,0.0008104893*J1^1*Q^3+-0.0006078670*Q^4+0,0.0009358724*J1^1*Q^3+-0.0007019043*Q^4+0,0,0,0,0,0.0008104893*J1^1*Q^3+-0.0006078670*Q^4+0,0.0030415853*J1^1*Q^3+-0.0012283325*Q^4+0,0.0009358724*J1^1*Q^3+-0.0007019043*Q^4+0,0.0035121202*J1^1*Q^3+-0.0014183562*Q^4+0,0,0,0,0,0.0008104893*J1^1*Q^3+-0.0006078670*Q^4+0,0.0009358724*J1^1*Q^3+-0.0007019043*Q^4+0,0.0009358724*J1^1*Q^3+-0.0007019043*Q^4+0,0.0010806524*J1^1*Q^3+-0.0008104893*Q^4+0,0,0,0,0,0.0009358724*J1^1*Q^3+-0.0007019043*Q^4+0,0.0035121202*J1^1*Q^3+-0.0014183562*Q^4+0,0.0010806524*J1^1*Q^3+-0.0008104893*Q^4+0,0.0040554470*J1^1*Q^3+-0.0016377767*Q^4+0,0,0,0,0},
{0,0,0,0,0,0,0,0,0,0,0,0,0,0,0,0,0,0,0,0,0,0,0,0,0,0,0,0,0,0,0,0,0,0,0,0,0,0,0,0.0007019043*J1^1*Q^3+-0.0005264282*Q^4+0,0,0,0,0,0,0,0.0021057129*J1^1*Q^3+-0.0005264282*Q^4+0,0.0008104893*J1^1*Q^3+-0.0006078670*Q^4+0,0,0,0,0,0,0,0,0.0008104893*J1^1*Q^3+-0.0006078670*Q^4+0,0,0,0,0,0,0,0.0024314678*J1^1*Q^3+-0.0006078670*Q^4+0,0.0009358724*J1^1*Q^3+-0.0007019043*Q^4+0},
{0,0,0,0,0,0,0,0,0,0,0,0,0,0,0,0,0,0,0,0,0,0,0,0,0,0,0,0,0,0,0,0,0,0,0,0,0,0,0.0007019043*J1^1*Q^3+-0.0005264282*Q^4+0,0.0008104893*J1^1*Q^3+-0.0006078670*Q^4+0,0,0,0,0,0,0,0.0008104893*J1^1*Q^3+-0.0006078670*Q^4+0,0.0030415853*J1^1*Q^3+-0.0012283325*Q^4+0,0,0,0,0,0,0,0.0008104893*J1^1*Q^3+-0.0006078670*Q^4+0,0.0009358724*J1^1*Q^3+-0.0007019043*Q^4+0,0,0,0,0,0,0,0.0009358724*J1^1*Q^3+-0.0007019043*Q^4+0,0.0035121202*J1^1*Q^3+-0.0014183562*Q^4+0},
{0,0,0,0,0,0,0,0,0,0,0,0,0,0,0,0,0,0,0,0,0,0,0,0,0,0,0,0,0,0,0,0,0,0,0,0,0,0.0007019043*J1^1*Q^3+-0.0005264282*Q^4+0,0,0.0008104893*J1^1*Q^3+-0.0006078670*Q^4+0,0,0,0,0,0.0021057129*J1^1*Q^3+-0.0005264282*Q^4+0,0.0008104893*J1^1*Q^3+-0.0006078670*Q^4+0,0.0024314678*J1^1*Q^3+-0.0006078670*Q^4+0,0.0009358724*J1^1*Q^3+-0.0007019043*Q^4+0,0,0,0,0,0,0.0008104893*J1^1*Q^3+-0.0006078670*Q^4+0,0,0.0009358724*J1^1*Q^3+-0.0007019043*Q^4+0,0,0,0,0,0.0024314678*J1^1*Q^3+-0.0006078670*Q^4+0,0.0009358724*J1^1*Q^3+-0.0007019043*Q^4+0,0.0028076172*J1^1*Q^3+-0.0007019043*Q^4+0,0.0010806524*J1^1*Q^3+-0.0008104893*Q^4+0},
{0,0,0,0,0,0,0,0,0,0,0,0,0,0,0,0,0,0,0,0,0,0,0,0,0,0,0,0,0,0,0,0,0,0,0,0,0.0007019043*J1^1*Q^3+-0.0005264282*Q^4+0,0.0008104893*J1^1*Q^3+-0.0006078670*Q^4+0,0.0008104893*J1^1*Q^3+-0.0006078670*Q^4+0,0.0009358724*J1^1*Q^3+-0.0007019043*Q^4+0,0,0,0,0,0.0008104893*J1^1*Q^3+-0.0006078670*Q^4+0,0.0030415853*J1^1*Q^3+-0.0012283325*Q^4+0,0.0009358724*J1^1*Q^3+-0.0007019043*Q^4+0,0.0035121202*J1^1*Q^3+-0.0014183562*Q^4+0,0,0,0,0,0.0008104893*J1^1*Q^3+-0.0006078670*Q^4+0,0.0009358724*J1^1*Q^3+-0.0007019043*Q^4+0,0.0009358724*J1^1*Q^3+-0.0007019043*Q^4+0,0.0010806524*J1^1*Q^3+-0.0008104893*Q^4+0,0,0,0,0,0.0009358724*J1^1*Q^3+-0.0007019043*Q^4+0,0.0035121202*J1^1*Q^3+-0.0014183562*Q^4+0,0.0010806524*J1^1*Q^3+-0.0008104893*Q^4+0,0.0040554470*J1^1*Q^3+-0.0016377767*Q^4+0}
}