32
{{-0.0012974330*J1^2*Q^2+0.0006487165*J1^1*Q^3+-0.0001396583*Q^4+0,0.0002632832*J1^1*Q^3+-0.0000528184*Q^4+0,-0.0005265663*J1^2*Q^2+0.0002632832*J1^1*Q^3+-0.0000528184*Q^4+0,-0.0001284645*J1^2*Q^2+0.0003447033*J1^1*Q^3+-0.0000786689*Q^4+0.0003662109*Q^3*(-J1)^1+0,0,0,0,0,0,0,0,0,0,0,0,0,0,0,0,0,0,0,0,0,0,0,0,0,0,0,0,0},
{0.0002632832*J1^1*Q^3+-0.0000528184*Q^4+0,-0.0012974330*J1^2*Q^2+0.0003447033*J1^1*Q^3+-0.0000786689*Q^4+0,-0.0001284645*J1^2*Q^2+0.0003447033*J1^1*Q^3+-0.0000786689*Q^4+0.0003662109*Q^3*(-J1)^1+0,-0.0003782283*J1^2*Q^2+-0.0001347459*J1^1*Q^3+0.0000380206*Q^4+-0.0004228640*Q^3*(-J1)^1+0,0,0,0,0,0,0,0,0,0,0,0,0,0,0,0,0,0,0,0,0,0,0,0,0,0,0,0,0},
{-0.0005265663*J1^2*Q^2+0.0002632832*J1^1*Q^3+-0.0000528184*Q^4+0,-0.0001284645*J1^2*Q^2+0.0003447033*J1^1*Q^3+-0.0000786689*Q^4+-0.0003662109*Q^3*(-J1)^1+0,-0.0006894066*J1^2*Q^2+0.0003447033*J1^1*Q^3+-0.0000786689*Q^4+0,0.0001483380*J1^2*Q^2+-0.0001347459*J1^1*Q^3+0.0000380206*Q^4+0,0,0,0,0,0,0,0,0,0,0,0,0,0,0,0,0,0,0,0,0,0,0,0,0,0,0,0,0},
{-0.0001284645*J1^2*Q^2+0.0003447033*J1^1*Q^3+-0.0000786689*Q^4+-0.0003662109*Q^3*(-J1)^1+0,-0.0003782283*J1^2*Q^2+-0.0001347459*J1^1*Q^3+0.0000380206*Q^4+0.0004228640*Q^3*(-J1)^1+0,0.0001483380*J1^2*Q^2+-0.0001347459*J1^1*Q^3+0.0000380206*Q^4+0,-0.0008606926*J1^2*Q^2+0.0005002945*J1^1*Q^3+-0.0001225713*Q^4+0,0,0,0,0,0,0,0,0,0,0,0,0,0,0,0,0,0,0,0,0,0,0,0,0,0,0,0,0},
{0,0,0,0,-0.0012974330*J1^2*Q^2+0.0006487165*J1^1*Q^3+-0.0001396583*Q^4+0,0.0002632832*J1^1*Q^3+-0.0000528184*Q^4+0,-0.0005265663*J1^2*Q^2+0.0002632832*J1^1*Q^3+-0.0000528184*Q^4+0,-0.0001284645*J1^2*Q^2+0.0003447033*J1^1*Q^3+-0.0000786689*Q^4+0.0003662109*Q^3*(-J1)^1+0,0,0,0,0,0,0,0,0,0,0,0,0,0,0,0,0,0,0,0,0,0,0,0,0},
{0,0,0,0,0.0002632832*J1^1*Q^3+-0.0000528184*Q^4+0,-0.0012974330*J1^2*Q^2+0.0003447033*J1^1*Q^3+-0.0000786689*Q^4+0,-0.0001284645*J1^2*Q^2+0.0003447033*J1^1*Q^3+-0.0000786689*Q^4+0.0003662109*Q^3*(-J1)^1+0,-0.0003782283*J1^2*Q^2+-0.0001347459*J1^1*Q^3+0.0000380206*Q^4+-0.0004228640*Q^3*(-J1)^1+0,0,0,0,0,0,0,0,0,0,0,0,0,0,0,0,0,0,0,0,0,0,0,0,0},
{0,0,0,0,-0.0005265663*J1^2*Q^2+0.0002632832*J1^1*Q^3+-0.0000528184*Q^4+0,-0.0001284645*J1^2*Q^2+0.0003447033*J1^1*Q^3+-0.0000786689*Q^4+-0.0003662109*Q^3*(-J1)^1+0,-0.0006894066*J1^2*Q^2+0.0003447033*J1^1*Q^3+-0.0000786689*Q^4+0,0.0001483380*J1^2*Q^2+-0.0001347459*J1^1*Q^3+0.0000380206*Q^4+0,0,0,0,0,0,0,0,0,0,0,0,0,0,0,0,0,0,0,0,0,0,0,0,0},
{0,0,0,0,-0.0001284645*J1^2*Q^2+0.0003447033*J1^1*Q^3+-0.0000786689*Q^4+-0.0003662109*Q^3*(-J1)^1+0,-0.0003782283*J1^2*Q^2+-0.0001347459*J1^1*Q^3+0.0000380206*Q^4+0.0004228640*Q^3*(-J1)^1+0,0.0001483380*J1^2*Q^2+-0.0001347459*J1^1*Q^3+0.0000380206*Q^4+0,-0.0008606926*J1^2*Q^2+0.0005002945*J1^1*Q^3+-0.0001225713*Q^4+0,0,0,0,0,0,0,0,0,0,0,0,0,0,0,0,0,0,0,0,0,0,0,0,0},
{0,0,0,0,0,0,0,0,-0.0012974330*J1^2*Q^2+0.0006487165*J1^1*Q^3+-0.0001396583*Q^4+0,0.0002632832*J1^1*Q^3+-0.0000528184*Q^4+0,-0.0005265663*J1^2*Q^2+0.0002632832*J1^1*Q^3+-0.0000528184*Q^4+0,-0.0001284645*J1^2*Q^2+0.0003447033*J1^1*Q^3+-0.0000786689*Q^4+0.0003662109*Q^3*(-J1)^1+0,0,0,0,0,0,0,0,0,0,0,0,0,0,0,0,0,0,0,0,0},
{0,0,0,0,0,0,0,0,0.0002632832*J1^1*Q^3+-0.0000528184*Q^4+0,-0.0012974330*J1^2*Q^2+0.0003447033*J1^1*Q^3+-0.0000786689*Q^4+0,-0.0001284645*J1^2*Q^2+0.0003447033*J1^1*Q^3+-0.0000786689*Q^4+0.0003662109*Q^3*(-J1)^1+0,-0.0003782283*J1^2*Q^2+-0.0001347459*J1^1*Q^3+0.0000380206*Q^4+-0.0004228640*Q^3*(-J1)^1+0,0,0,0,0,0,0,0,0,0,0,0,0,0,0,0,0,0,0,0,0},
{0,0,0,0,0,0,0,0,-0.0005265663*J1^2*Q^2+0.0002632832*J1^1*Q^3+-0.0000528184*Q^4+0,-0.0001284645*J1^2*Q^2+0.0003447033*J1^1*Q^3+-0.0000786689*Q^4+-0.0003662109*Q^3*(-J1)^1+0,-0.0006894066*J1^2*Q^2+0.0003447033*J1^1*Q^3+-0.0000786689*Q^4+0,0.0001483380*J1^2*Q^2+-0.0001347459*J1^1*Q^3+0.0000380206*Q^4+0,0,0,0,0,0,0,0,0,0,0,0,0,0,0,0,0,0,0,0,0},
{0,0,0,0,0,0,0,0,-0.0001284645*J1^2*Q^2+0.0003447033*J1^1*Q^3+-0.0000786689*Q^4+-0.0003662109*Q^3*(-J1)^1+0,-0.0003782283*J1^2*Q^2+-0.0001347459*J1^1*Q^3+0.0000380206*Q^4+0.0004228640*Q^3*(-J1)^1+0,0.0001483380*J1^2*Q^2+-0.0001347459*J1^1*Q^3+0.0000380206*Q^4+0,-0.0008606926*J1^2*Q^2+0.0005002945*J1^1*Q^3+-0.0001225713*Q^4+0,0,0,0,0,0,0,0,0,0,0,0,0,0,0,0,0,0,0,0,0},
{0,0,0,0,0,0,0,0,0,0,0,0,-0.0012974330*J1^2*Q^2+0.0006487165*J1^1*Q^3+-0.0001396583*Q^4+0,0.0002632832*J1^1*Q^3+-0.0000528184*Q^4+0,-0.0005265663*J1^2*Q^2+0.0002632832*J1^1*Q^3+-0.0000528184*Q^4+0,-0.0001284645*J1^2*Q^2+0.0003447033*J1^1*Q^3+-0.0000786689*Q^4+0.0003662109*Q^3*(-J1)^1+0,0,0,0,0,0,0,0,0,0,0,0,0,0,0,0,0},
{0,0,0,0,0,0,0,0,0,0,0,0,0.0002632832*J1^1*Q^3+-0.0000528184*Q^4+0,-0.0012974330*J1^2*Q^2+0.0003447033*J1^1*Q^3+-0.0000786689*Q^4+0,-0.0001284645*J1^2*Q^2+0.0003447033*J1^1*Q^3+-0.0000786689*Q^4+0.0003662109*Q^3*(-J1)^1+0,-0.0003782283*J1^2*Q^2+-0.0001347459*J1^1*Q^3+0.0000380206*Q^4+-0.0004228640*Q^3*(-J1)^1+0,0,0,0,0,0,0,0,0,0,0,0,0,0,0,0,0},
{0,0,0,0,0,0,0,0,0,0,0,0,-0.0005265663*J1^2*Q^2+0.0002632832*J1^1*Q^3+-0.0000528184*Q^4+0,-0.0001284645*J1^2*Q^2+0.0003447033*J1^1*Q^3+-0.0000786689*Q^4+-0.0003662109*Q^3*(-J1)^1+0,-0.0006894066*J1^2*Q^2+0.0003447033*J1^1*Q^3+-0.0000786689*Q^4+0,0.0001483380*J1^2*Q^2+-0.0001347459*J1^1*Q^3+0.0000380206*Q^4+0,0,0,0,0,0,0,0,0,0,0,0,0,0,0,0,0},
{0,0,0,0,0,0,0,0,0,0,0,0,-0.0001284645*J1^2*Q^2+0.0003447033*J1^1*Q^3+-0.0000786689*Q^4+-0.0003662109*Q^3*(-J1)^1+0,-0.0003782283*J1^2*Q^2+-0.0001347459*J1^1*Q^3+0.0000380206*Q^4+0.0004228640*Q^3*(-J1)^1+0,0.0001483380*J1^2*Q^2+-0.0001347459*J1^1*Q^3+0.0000380206*Q^4+0,-0.0008606926*J1^2*Q^2+0.0005002945*J1^1*Q^3+-0.0001225713*Q^4+0,0,0,0,0,0,0,0,0,0,0,0,0,0,0,0,0},
{0,0,0,0,0,0,0,0,0,0,0,0,0,0,0,0,-0.0012974330*J1^2*Q^2+0.0006487165*J1^1*Q^3+-0.0001396583*Q^4+0,0.0002632832*J1^1*Q^3+-0.0000528184*Q^4+0,-0.0005265663*J1^2*Q^2+0.0002632832*J1^1*Q^3+-0.0000528184*Q^4+0,-0.0001284645*J1^2*Q^2+0.0003447033*J1^1*Q^3+-0.0000786689*Q^4+0.0003662109*Q^3*(-J1)^1+0,0,0,0,0,0,0,0,0,0,0,0,0},
{0,0,0,0,0,0,0,0,0,0,0,0,0,0,0,0,0.0002632832*J1^1*Q^3+-0.0000528184*Q^4+0,-0.0012974330*J1^2*Q^2+0.0003447033*J1^1*Q^3+-0.0000786689*Q^4+0,-0.0001284645*J1^2*Q^2+0.0003447033*J1^1*Q^3+-0.0000786689*Q^4+0.0003662109*Q^3*(-J1)^1+0,-0.0003782283*J1^2*Q^2+-0.0001347459*J1^1*Q^3+0.0000380206*Q^4+-0.0004228640*Q^3*(-J1)^1+0,0,0,0,0,0,0,0,0,0,0,0,0},
{0,0,0,0,0,0,0,0,0,0,0,0,0,0,0,0,-0.0005265663*J1^2*Q^2+0.0002632832*J1^1*Q^3+-0.0000528184*Q^4+0,-0.0001284645*J1^2*Q^2+0.0003447033*J1^1*Q^3+-0.0000786689*Q^4+-0.0003662109*Q^3*(-J1)^1+0,-0.0006894066*J1^2*Q^2+0.0003447033*J1^1*Q^3+-0.0000786689*Q^4+0,0.0001483380*J1^2*Q^2+-0.0001347459*J1^1*Q^3+0.0000380206*Q^4+0,0,0,0,0,0,0,0,0,0,0,0,0},
{0,0,0,0,0,0,0,0,0,0,0,0,0,0,0,0,-0.0001284645*J1^2*Q^2+0.0003447033*J1^1*Q^3+-0.0000786689*Q^4+-0.0003662109*Q^3*(-J1)^1+0,-0.0003782283*J1^2*Q^2+-0.0001347459*J1^1*Q^3+0.0000380206*Q^4+0.0004228640*Q^3*(-J1)^1+0,0.0001483380*J1^2*Q^2+-0.0001347459*J1^1*Q^3+0.0000380206*Q^4+0,-0.0008606926*J1^2*Q^2+0.0005002945*J1^1*Q^3+-0.0001225713*Q^4+0,0,0,0,0,0,0,0,0,0,0,0,0},
{0,0,0,0,0,0,0,0,0,0,0,0,0,0,0,0,0,0,0,0,-0.0012974330*J1^2*Q^2+0.0006487165*J1^1*Q^3+-0.0001396583*Q^4+0,0.0002632832*J1^1*Q^3+-0.0000528184*Q^4+0,-0.0005265663*J1^2*Q^2+0.0002632832*J1^1*Q^3+-0.0000528184*Q^4+0,-0.0001284645*J1^2*Q^2+0.0003447033*J1^1*Q^3+-0.0000786689*Q^4+0.0003662109*Q^3*(-J1)^1+0,0,0,0,0,0,0,0,0},
{0,0,0,0,0,0,0,0,0,0,0,0,0,0,0,0,0,0,0,0,0.0002632832*J1^1*Q^3+-0.0000528184*Q^4+0,-0.0012974330*J1^2*Q^2+0.0003447033*J1^1*Q^3+-0.0000786689*Q^4+0,-0.0001284645*J1^2*Q^2+0.0003447033*J1^1*Q^3+-0.0000786689*Q^4+0.0003662109*Q^3*(-J1)^1+0,-0.0003782283*J1^2*Q^2+-0.0001347459*J1^1*Q^3+0.0000380206*Q^4+-0.0004228640*Q^3*(-J1)^1+0,0,0,0,0,0,0,0,0},
{0,0,0,0,0,0,0,0,0,0,0,0,0,0,0,0,0,0,0,0,-0.0005265663*J1^2*Q^2+0.0002632832*J1^1*Q^3+-0.0000528184*Q^4+0,-0.0001284645*J1^2*Q^2+0.0003447033*J1^1*Q^3+-0.0000786689*Q^4+-0.0003662109*Q^3*(-J1)^1+0,-0.0006894066*J1^2*Q^2+0.0003447033*J1^1*Q^3+-0.0000786689*Q^4+0,0.0001483380*J1^2*Q^2+-0.0001347459*J1^1*Q^3+0.0000380206*Q^4+0,0,0,0,0,0,0,0,0},
{0,0,0,0,0,0,0,0,0,0,0,0,0,0,0,0,0,0,0,0,-0.0001284645*J1^2*Q^2+0.0003447033*J1^1*Q^3+-0.0000786689*Q^4+-0.0003662109*Q^3*(-J1)^1+0,-0.0003782283*J1^2*Q^2+-0.0001347459*J1^1*Q^3+0.0000380206*Q^4+0.0004228640*Q^3*(-J1)^1+0,0.0001483380*J1^2*Q^2+-0.0001347459*J1^1*Q^3+0.0000380206*Q^4+0,-0.0008606926*J1^2*Q^2+0.0005002945*J1^1*Q^3+-0.0001225713*Q^4+0,0,0,0,0,0,0,0,0},
{0,0,0,0,0,0,0,0,0,0,0,0,0,0,0,0,0,0,0,0,0,0,0,0,-0.0012974330*J1^2*Q^2+0.0006487165*J1^1*Q^3+-0.0001396583*Q^4+0,0.0002632832*J1^1*Q^3+-0.0000528184*Q^4+0,-0.0005265663*J1^2*Q^2+0.0002632832*J1^1*Q^3+-0.0000528184*Q^4+0,-0.0001284645*J1^2*Q^2+0.0003447033*J1^1*Q^3+-0.0000786689*Q^4+0.0003662109*Q^3*(-J1)^1+0,0,0,0,0},
{0,0,0,0,0,0,0,0,0,0,0,0,0,0,0,0,0,0,0,0,0,0,0,0,0.0002632832*J1^1*Q^3+-0.0000528184*Q^4+0,-0.0012974330*J1^2*Q^2+0.0003447033*J1^1*Q^3+-0.0000786689*Q^4+0,-0.0001284645*J1^2*Q^2+0.0003447033*J1^1*Q^3+-0.0000786689*Q^4+0.0003662109*Q^3*(-J1)^1+0,-0.0003782283*J1^2*Q^2+-0.0001347459*J1^1*Q^3+0.0000380206*Q^4+-0.0004228640*Q^3*(-J1)^1+0,0,0,0,0},
{0,0,0,0,0,0,0,0,0,0,0,0,0,0,0,0,0,0,0,0,0,0,0,0,-0.0005265663*J1^2*Q^2+0.0002632832*J1^1*Q^3+-0.0000528184*Q^4+0,-0.0001284645*J1^2*Q^2+0.0003447033*J1^1*Q^3+-0.0000786689*Q^4+-0.0003662109*Q^3*(-J1)^1+0,-0.0006894066*J1^2*Q^2+0.0003447033*J1^1*Q^3+-0.0000786689*Q^4+0,0.0001483380*J1^2*Q^2+-0.0001347459*J1^1*Q^3+0.0000380206*Q^4+0,0,0,0,0},
{0,0,0,0,0,0,0,0,0,0,0,0,0,0,0,0,0,0,0,0,0,0,0,0,-0.0001284645*J1^2*Q^2+0.0003447033*J1^1*Q^3+-0.0000786689*Q^4+-0.0003662109*Q^3*(-J1)^1+0,-0.0003782283*J1^2*Q^2+-0.0001347459*J1^1*Q^3+0.0000380206*Q^4+0.0004228640*Q^3*(-J1)^1+0,0.0001483380*J1^2*Q^2+-0.0001347459*J1^1*Q^3+0.0000380206*Q^4+0,-0.0008606926*J1^2*Q^2+0.0005002945*J1^1*Q^3+-0.0001225713*Q^4+0,0,0,0,0},
{0,0,0,0,0,0,0,0,0,0,0,0,0,0,0,0,0,0,0,0,0,0,0,0,0,0,0,0,-0.0012974330*J1^2*Q^2+0.0006487165*J1^1*Q^3+-0.0001396583*Q^4+0,0.0002632832*J1^1*Q^3+-0.0000528184*Q^4+0,-0.0005265663*J1^2*Q^2+0.0002632832*J1^1*Q^3+-0.0000528184*Q^4+0,-0.0001284645*J1^2*Q^2+0.0003447033*J1^1*Q^3+-0.0000786689*Q^4+0.0003662109*Q^3*(-J1)^1+0},
{0,0,0,0,0,0,0,0,0,0,0,0,0,0,0,0,0,0,0,0,0,0,0,0,0,0,0,0,0.0002632832*J1^1*Q^3+-0.0000528184*Q^4+0,-0.0012974330*J1^2*Q^2+0.0003447033*J1^1*Q^3+-0.0000786689*Q^4+0,-0.0001284645*J1^2*Q^2+0.0003447033*J1^1*Q^3+-0.0000786689*Q^4+0.0003662109*Q^3*(-J1)^1+0,-0.0003782283*J1^2*Q^2+-0.0001347459*J1^1*Q^3+0.0000380206*Q^4+-0.0004228640*Q^3*(-J1)^1+0},
{0,0,0,0,0,0,0,0,0,0,0,0,0,0,0,0,0,0,0,0,0,0,0,0,0,0,0,0,-0.0005265663*J1^2*Q^2+0.0002632832*J1^1*Q^3+-0.0000528184*Q^4+0,-0.0001284645*J1^2*Q^2+0.0003447033*J1^1*Q^3+-0.0000786689*Q^4+-0.0003662109*Q^3*(-J1)^1+0,-0.0006894066*J1^2*Q^2+0.0003447033*J1^1*Q^3+-0.0000786689*Q^4+0,0.0001483380*J1^2*Q^2+-0.0001347459*J1^1*Q^3+0.0000380206*Q^4+0},
{0,0,0,0,0,0,0,0,0,0,0,0,0,0,0,0,0,0,0,0,0,0,0,0,0,0,0,0,-0.0001284645*J1^2*Q^2+0.0003447033*J1^1*Q^3+-0.0000786689*Q^4+-0.0003662109*Q^3*(-J1)^1+0,-0.0003782283*J1^2*Q^2+-0.0001347459*J1^1*Q^3+0.0000380206*Q^4+0.0004228640*Q^3*(-J1)^1+0,0.0001483380*J1^2*Q^2+-0.0001347459*J1^1*Q^3+0.0000380206*Q^4+0,-0.0008606926*J1^2*Q^2+0.0005002945*J1^1*Q^3+-0.0001225713*Q^4+0}
}