64
{{0,0,0,0,0,0,0,0,0,0,0,0,0,0,0,0,0,0,0,0,0,0,0,0,0,0,0,0,0,0,0,0,0,0,0,0,0,0,0,0,0,0,0,0,0,0,0,0,0,0,0,0,0,0,0.0001831055*J1^2*Q^3+-0.0001831055*J1^1*Q^4+0.0000343323*Q^5+0,0,0,0,0,0,0,0,0,0.0000610352*J1^2*Q^3+-0.0000915527*J1^1*Q^4+0.0000343323*Q^5+0},
{0,0,0,0,0,0,0,0,0,0,0,0,0,0,0,0,0,0,0,0,0,0,0,0,0,0,0,0,0,0,0,0,0,0,0,0,0,0,0,0,0,0,0,0,0,0,0,0,0,0,0,0,0,0,0,0.0001831055*J1^2*Q^3+-0.0001831055*J1^1*Q^4+0.0000343323*Q^5+0,0,0,0,0,0,0,0.0000610352*J1^2*Q^3+-0.0000915527*J1^1*Q^4+0.0000343323*Q^5+0,0.0000704773*J1^2*Q^3+-0.0001057160*J1^1*Q^4+0.0000396435*Q^5+0},
{0,0,0,0,0,0,0,0,0,0,0,0,0,0,0,0,0,0,0,0,0,0,0,0,0,0,0,0,0,0,0,0,0,0,0,0,0,0,0,0,0,0,0,0,0,0,0,0,0,0,0,0,-0.0001831055*J1^2*Q^3+0.0001831055*J1^1*Q^4+-0.0000343323*Q^5+0,0,0,0,0,0,0,0,0,-0.0000610352*J1^2*Q^3+0.0000915527*J1^1*Q^4+-0.0000343323*Q^5+0,0,0},
{0,0,0,0,0,0,0,0,0,0,0,0,0,0,0,0,0,0,0,0,0,0,0,0,0,0,0,0,0,0,0,0,0,0,0,0,0,0,0,0,0,0,0,0,0,0,0,0,0,0,0,0,0,-0.0001831055*J1^2*Q^3+0.0001831055*J1^1*Q^4+-0.0000343323*Q^5+0,0,0,0,0,0,0,-0.0000610352*J1^2*Q^3+0.0000915527*J1^1*Q^4+-0.0000343323*Q^5+0,-0.0000704773*J1^2*Q^3+0.0001057160*J1^1*Q^4+-0.0000396435*Q^5+0,0,0},
{0,0,0,0,0,0,0,0,0,0,0,0,0,0,0,0,0,0,0,0,0,0,0,0,0,0,0,0,0,0,0,0,0,0,0,0,0,0,0,0,0,0,0,0,0,0,0,0,0,0,0.0001831055*J1^2*Q^3+-0.0001831055*J1^1*Q^4+0.0000343323*Q^5+0,0,0,0,-0.0002114320*J1^2*Q^3+0.0002114320*J1^1*Q^4+-0.0000396435*Q^5+0,0,0,0,0,0.0000610352*J1^2*Q^3+-0.0000915527*J1^1*Q^4+0.0000343323*Q^5+0,0,0,0,-0.0000704773*J1^2*Q^3+0.0001057160*J1^1*Q^4+-0.0000396435*Q^5+0},
{0,0,0,0,0,0,0,0,0,0,0,0,0,0,0,0,0,0,0,0,0,0,0,0,0,0,0,0,0,0,0,0,0,0,0,0,0,0,0,0,0,0,0,0,0,0,0,0,0,0,0,0.0001831055*J1^2*Q^3+-0.0001831055*J1^1*Q^4+0.0000343323*Q^5+0,0,0,0,-0.0002114320*J1^2*Q^3+0.0002114320*J1^1*Q^4+-0.0000396435*Q^5+0,0,0,0.0000610352*J1^2*Q^3+-0.0000915527*J1^1*Q^4+0.0000343323*Q^5+0,0.0000704773*J1^2*Q^3+-0.0001057160*J1^1*Q^4+0.0000396435*Q^5+0,0,0,-0.0000704773*J1^2*Q^3+0.0001057160*J1^1*Q^4+-0.0000396435*Q^5+0,-0.0000813802*J1^2*Q^3+0.0001220703*J1^1*Q^4+-0.0000457764*Q^5+0},
{0,0,0,0,0,0,0,0,0,0,0,0,0,0,0,0,0,0,0,0,0,0,0,0,0,0,0,0,0,0,0,0,0,0,0,0,0,0,0,0,0,0,0,0,0,0,0,0,-0.0001831055*J1^2*Q^3+0.0001831055*J1^1*Q^4+-0.0000343323*Q^5+0,0,0,0,0.0002114320*J1^2*Q^3+-0.0002114320*J1^1*Q^4+0.0000396435*Q^5+0,0,0,0,0,-0.0000610352*J1^2*Q^3+0.0000915527*J1^1*Q^4+-0.0000343323*Q^5+0,0,0,0,0.0000704773*J1^2*Q^3+-0.0001057160*J1^1*Q^4+0.0000396435*Q^5+0,0,0},
{0,0,0,0,0,0,0,0,0,0,0,0,0,0,0,0,0,0,0,0,0,0,0,0,0,0,0,0,0,0,0,0,0,0,0,0,0,0,0,0,0,0,0,0,0,0,0,0,0,-0.0001831055*J1^2*Q^3+0.0001831055*J1^1*Q^4+-0.0000343323*Q^5+0,0,0,0,0.0002114320*J1^2*Q^3+-0.0002114320*J1^1*Q^4+0.0000396435*Q^5+0,0,0,-0.0000610352*J1^2*Q^3+0.0000915527*J1^1*Q^4+-0.0000343323*Q^5+0,-0.0000704773*J1^2*Q^3+0.0001057160*J1^1*Q^4+-0.0000396435*Q^5+0,0,0,0.0000704773*J1^2*Q^3+-0.0001057160*J1^1*Q^4+0.0000396435*Q^5+0,0.0000813802*J1^2*Q^3+-0.0001220703*J1^1*Q^4+0.0000457764*Q^5+0,0,0},
{0,0,0,0,0,0,0,0,0,0,0,0,0,0,0,0,0,0,0,0,0,0,0,0,0,0,0,0,0,0,0,0,0,0,0,0,0,0,0,0,0,0,0,0,0,0,0,0,0,0,0,0,0,0,0,0.0000610352*J1^2*Q^3+-0.0000915527*J1^1*Q^4+0.0000343323*Q^5+0,0,0,0,0,0,0,0.0001831055*J1^2*Q^3+-0.0001831055*J1^1*Q^4+0.0000343323*Q^5+0,0.0000704773*J1^2*Q^3+-0.0001057160*J1^1*Q^4+0.0000396435*Q^5+0},
{0,0,0,0,0,0,0,0,0,0,0,0,0,0,0,0,0,0,0,0,0,0,0,0,0,0,0,0,0,0,0,0,0,0,0,0,0,0,0,0,0,0,0,0,0,0,0,0,0,0,0,0,0,0,0.0000610352*J1^2*Q^3+-0.0000915527*J1^1*Q^4+0.0000343323*Q^5+0,0.0000704773*J1^2*Q^3+-0.0001057160*J1^1*Q^4+0.0000396435*Q^5+0,0,0,0,0,0,0,0.0000704773*J1^2*Q^3+-0.0001057160*J1^1*Q^4+0.0000396435*Q^5+0,0.0002644857*J1^2*Q^3+-0.0003051758*J1^1*Q^4+0.0000801086*Q^5+0},
{0,0,0,0,0,0,0,0,0,0,0,0,0,0,0,0,0,0,0,0,0,0,0,0,0,0,0,0,0,0,0,0,0,0,0,0,0,0,0,0,0,0,0,0,0,0,0,0,0,0,0,0,0,-0.0000610352*J1^2*Q^3+0.0000915527*J1^1*Q^4+-0.0000343323*Q^5+0,0,0,0,0,0,0,-0.0001831055*J1^2*Q^3+0.0001831055*J1^1*Q^4+-0.0000343323*Q^5+0,-0.0000704773*J1^2*Q^3+0.0001057160*J1^1*Q^4+-0.0000396435*Q^5+0,0,0},
{0,0,0,0,0,0,0,0,0,0,0,0,0,0,0,0,0,0,0,0,0,0,0,0,0,0,0,0,0,0,0,0,0,0,0,0,0,0,0,0,0,0,0,0,0,0,0,0,0,0,0,0,-0.0000610352*J1^2*Q^3+0.0000915527*J1^1*Q^4+-0.0000343323*Q^5+0,-0.0000704773*J1^2*Q^3+0.0001057160*J1^1*Q^4+-0.0000396435*Q^5+0,0,0,0,0,0,0,-0.0000704773*J1^2*Q^3+0.0001057160*J1^1*Q^4+-0.0000396435*Q^5+0,-0.0002644857*J1^2*Q^3+0.0003051758*J1^1*Q^4+-0.0000801086*Q^5+0,0,0},
{0,0,0,0,0,0,0,0,0,0,0,0,0,0,0,0,0,0,0,0,0,0,0,0,0,0,0,0,0,0,0,0,0,0,0,0,0,0,0,0,0,0,0,0,0,0,0,0,0,0,0,0.0000610352*J1^2*Q^3+-0.0000915527*J1^1*Q^4+0.0000343323*Q^5+0,0,0,0,-0.0000704773*J1^2*Q^3+0.0001057160*J1^1*Q^4+-0.0000396435*Q^5+0,0,0,0.0001831055*J1^2*Q^3+-0.0001831055*J1^1*Q^4+0.0000343323*Q^5+0,0.0000704773*J1^2*Q^3+-0.0001057160*J1^1*Q^4+0.0000396435*Q^5+0,0,0,-0.0002114320*J1^2*Q^3+0.0002114320*J1^1*Q^4+-0.0000396435*Q^5+0,-0.0000813802*J1^2*Q^3+0.0001220703*J1^1*Q^4+-0.0000457764*Q^5+0},
{0,0,0,0,0,0,0,0,0,0,0,0,0,0,0,0,0,0,0,0,0,0,0,0,0,0,0,0,0,0,0,0,0,0,0,0,0,0,0,0,0,0,0,0,0,0,0,0,0,0,0.0000610352*J1^2*Q^3+-0.0000915527*J1^1*Q^4+0.0000343323*Q^5+0,0.0000704773*J1^2*Q^3+-0.0001057160*J1^1*Q^4+0.0000396435*Q^5+0,0,0,-0.0000704773*J1^2*Q^3+0.0001057160*J1^1*Q^4+-0.0000396435*Q^5+0,-0.0000813802*J1^2*Q^3+0.0001220703*J1^1*Q^4+-0.0000457764*Q^5+0,0,0,0.0000704773*J1^2*Q^3+-0.0001057160*J1^1*Q^4+0.0000396435*Q^5+0,0.0002644857*J1^2*Q^3+-0.0003051758*J1^1*Q^4+0.0000801086*Q^5+0,0,0,-0.0000813802*J1^2*Q^3+0.0001220703*J1^1*Q^4+-0.0000457764*Q^5+0,-0.0003054018*J1^2*Q^3+0.0003523866*J1^1*Q^4+-0.0000925015*Q^5+0},
{0,0,0,0,0,0,0,0,0,0,0,0,0,0,0,0,0,0,0,0,0,0,0,0,0,0,0,0,0,0,0,0,0,0,0,0,0,0,0,0,0,0,0,0,0,0,0,0,0,-0.0000610352*J1^2*Q^3+0.0000915527*J1^1*Q^4+-0.0000343323*Q^5+0,0,0,0,0.0000704773*J1^2*Q^3+-0.0001057160*J1^1*Q^4+0.0000396435*Q^5+0,0,0,-0.0001831055*J1^2*Q^3+0.0001831055*J1^1*Q^4+-0.0000343323*Q^5+0,-0.0000704773*J1^2*Q^3+0.0001057160*J1^1*Q^4+-0.0000396435*Q^5+0,0,0,0.0002114320*J1^2*Q^3+-0.0002114320*J1^1*Q^4+0.0000396435*Q^5+0,0.0000813802*J1^2*Q^3+-0.0001220703*J1^1*Q^4+0.0000457764*Q^5+0,0,0},
{0,0,0,0,0,0,0,0,0,0,0,0,0,0,0,0,0,0,0,0,0,0,0,0,0,0,0,0,0,0,0,0,0,0,0,0,0,0,0,0,0,0,0,0,0,0,0,0,-0.0000610352*J1^2*Q^3+0.0000915527*J1^1*Q^4+-0.0000343323*Q^5+0,-0.0000704773*J1^2*Q^3+0.0001057160*J1^1*Q^4+-0.0000396435*Q^5+0,0,0,0.0000704773*J1^2*Q^3+-0.0001057160*J1^1*Q^4+0.0000396435*Q^5+0,0.0000813802*J1^2*Q^3+-0.0001220703*J1^1*Q^4+0.0000457764*Q^5+0,0,0,-0.0000704773*J1^2*Q^3+0.0001057160*J1^1*Q^4+-0.0000396435*Q^5+0,-0.0002644857*J1^2*Q^3+0.0003051758*J1^1*Q^4+-0.0000801086*Q^5+0,0,0,0.0000813802*J1^2*Q^3+-0.0001220703*J1^1*Q^4+0.0000457764*Q^5+0,0.0003054018*J1^2*Q^3+-0.0003523866*J1^1*Q^4+0.0000925015*Q^5+0,0,0},
{0,0,0,0,0,0,0,0,0,0,0,0,0,0,0,0,0,0,0,0,0,0,0,0,0,0,0,0,0,0,0,0,0,0,0,0,0,0,-0.0001831055*J1^2*Q^3+0.0001831055*J1^1*Q^4+-0.0000343323*Q^5+0,0,0,0,0,0,0,0,0,-0.0000610352*J1^2*Q^3+0.0000915527*J1^1*Q^4+-0.0000343323*Q^5+0,0,0,0,0,0,0,0,0,0,0,0,0,0,0,0,0},
{0,0,0,0,0,0,0,0,0,0,0,0,0,0,0,0,0,0,0,0,0,0,0,0,0,0,0,0,0,0,0,0,0,0,0,0,0,0,0,-0.0001831055*J1^2*Q^3+0.0001831055*J1^1*Q^4+-0.0000343323*Q^5+0,0,0,0,0,0,0,-0.0000610352*J1^2*Q^3+0.0000915527*J1^1*Q^4+-0.0000343323*Q^5+0,-0.0000704773*J1^2*Q^3+0.0001057160*J1^1*Q^4+-0.0000396435*Q^5+0,0,0,0,0,0,0,0,0,0,0,0,0,0,0,0,0},
{0,0,0,0,0,0,0,0,0,0,0,0,0,0,0,0,0,0,0,0,0,0,0,0,0,0,0,0,0,0,0,0,0,0,0,0,0.0001831055*J1^2*Q^3+-0.0001831055*J1^1*Q^4+0.0000343323*Q^5+0,0,0,0,0,0,0,0,0,0.0000610352*J1^2*Q^3+-0.0000915527*J1^1*Q^4+0.0000343323*Q^5+0,0,0,0,0,0,0,0,0,0,0,0,0,0,0,0,0,0,0},
{0,0,0,0,0,0,0,0,0,0,0,0,0,0,0,0,0,0,0,0,0,0,0,0,0,0,0,0,0,0,0,0,0,0,0,0,0,0.0001831055*J1^2*Q^3+-0.0001831055*J1^1*Q^4+0.0000343323*Q^5+0,0,0,0,0,0,0,0.0000610352*J1^2*Q^3+-0.0000915527*J1^1*Q^4+0.0000343323*Q^5+0,0.0000704773*J1^2*Q^3+-0.0001057160*J1^1*Q^4+0.0000396435*Q^5+0,0,0,0,0,0,0,0,0,0,0,0,0,0,0,0,0,0,0},
{0,0,0,0,0,0,0,0,0,0,0,0,0,0,0,0,0,0,0,0,0,0,0,0,0,0,0,0,0,0,0,0,0,0,-0.0001831055*J1^2*Q^3+0.0001831055*J1^1*Q^4+-0.0000343323*Q^5+0,0,0,0,0.0002114320*J1^2*Q^3+-0.0002114320*J1^1*Q^4+0.0000396435*Q^5+0,0,0,0,0,-0.0000610352*J1^2*Q^3+0.0000915527*J1^1*Q^4+-0.0000343323*Q^5+0,0,0,0,0.0000704773*J1^2*Q^3+-0.0001057160*J1^1*Q^4+0.0000396435*Q^5+0,0,0,0,0,0,0,0,0,0,0,0,0,0,0,0,0},
{0,0,0,0,0,0,0,0,0,0,0,0,0,0,0,0,0,0,0,0,0,0,0,0,0,0,0,0,0,0,0,0,0,0,0,-0.0001831055*J1^2*Q^3+0.0001831055*J1^1*Q^4+-0.0000343323*Q^5+0,0,0,0,0.0002114320*J1^2*Q^3+-0.0002114320*J1^1*Q^4+0.0000396435*Q^5+0,0,0,-0.0000610352*J1^2*Q^3+0.0000915527*J1^1*Q^4+-0.0000343323*Q^5+0,-0.0000704773*J1^2*Q^3+0.0001057160*J1^1*Q^4+-0.0000396435*Q^5+0,0,0,0.0000704773*J1^2*Q^3+-0.0001057160*J1^1*Q^4+0.0000396435*Q^5+0,0.0000813802*J1^2*Q^3+-0.0001220703*J1^1*Q^4+0.0000457764*Q^5+0,0,0,0,0,0,0,0,0,0,0,0,0,0,0,0,0},
{0,0,0,0,0,0,0,0,0,0,0,0,0,0,0,0,0,0,0,0,0,0,0,0,0,0,0,0,0,0,0,0,0.0001831055*J1^2*Q^3+-0.0001831055*J1^1*Q^4+0.0000343323*Q^5+0,0,0,0,-0.0002114320*J1^2*Q^3+0.0002114320*J1^1*Q^4+-0.0000396435*Q^5+0,0,0,0,0,0.0000610352*J1^2*Q^3+-0.0000915527*J1^1*Q^4+0.0000343323*Q^5+0,0,0,0,-0.0000704773*J1^2*Q^3+0.0001057160*J1^1*Q^4+-0.0000396435*Q^5+0,0,0,0,0,0,0,0,0,0,0,0,0,0,0,0,0,0,0},
{0,0,0,0,0,0,0,0,0,0,0,0,0,0,0,0,0,0,0,0,0,0,0,0,0,0,0,0,0,0,0,0,0,0.0001831055*J1^2*Q^3+-0.0001831055*J1^1*Q^4+0.0000343323*Q^5+0,0,0,0,-0.0002114320*J1^2*Q^3+0.0002114320*J1^1*Q^4+-0.0000396435*Q^5+0,0,0,0.0000610352*J1^2*Q^3+-0.0000915527*J1^1*Q^4+0.0000343323*Q^5+0,0.0000704773*J1^2*Q^3+-0.0001057160*J1^1*Q^4+0.0000396435*Q^5+0,0,0,-0.0000704773*J1^2*Q^3+0.0001057160*J1^1*Q^4+-0.0000396435*Q^5+0,-0.0000813802*J1^2*Q^3+0.0001220703*J1^1*Q^4+-0.0000457764*Q^5+0,0,0,0,0,0,0,0,0,0,0,0,0,0,0,0,0,0,0},
{0,0,0,0,0,0,0,0,0,0,0,0,0,0,0,0,0,0,0,0,0,0,0,0,0,0,0,0,0,0,0,0,0,0,0,0,0,0,0,-0.0000610352*J1^2*Q^3+0.0000915527*J1^1*Q^4+-0.0000343323*Q^5+0,0,0,0,0,0,0,-0.0001831055*J1^2*Q^3+0.0001831055*J1^1*Q^4+-0.0000343323*Q^5+0,-0.0000704773*J1^2*Q^3+0.0001057160*J1^1*Q^4+-0.0000396435*Q^5+0,0,0,0,0,0,0,0,0,0,0,0,0,0,0,0,0},
{0,0,0,0,0,0,0,0,0,0,0,0,0,0,0,0,0,0,0,0,0,0,0,0,0,0,0,0,0,0,0,0,0,0,0,0,0,0,-0.0000610352*J1^2*Q^3+0.0000915527*J1^1*Q^4+-0.0000343323*Q^5+0,-0.0000704773*J1^2*Q^3+0.0001057160*J1^1*Q^4+-0.0000396435*Q^5+0,0,0,0,0,0,0,-0.0000704773*J1^2*Q^3+0.0001057160*J1^1*Q^4+-0.0000396435*Q^5+0,-0.0002644857*J1^2*Q^3+0.0003051758*J1^1*Q^4+-0.0000801086*Q^5+0,0,0,0,0,0,0,0,0,0,0,0,0,0,0,0,0},
{0,0,0,0,0,0,0,0,0,0,0,0,0,0,0,0,0,0,0,0,0,0,0,0,0,0,0,0,0,0,0,0,0,0,0,0,0,0.0000610352*J1^2*Q^3+-0.0000915527*J1^1*Q^4+0.0000343323*Q^5+0,0,0,0,0,0,0,0.0001831055*J1^2*Q^3+-0.0001831055*J1^1*Q^4+0.0000343323*Q^5+0,0.0000704773*J1^2*Q^3+-0.0001057160*J1^1*Q^4+0.0000396435*Q^5+0,0,0,0,0,0,0,0,0,0,0,0,0,0,0,0,0,0,0},
{0,0,0,0,0,0,0,0,0,0,0,0,0,0,0,0,0,0,0,0,0,0,0,0,0,0,0,0,0,0,0,0,0,0,0,0,0.0000610352*J1^2*Q^3+-0.0000915527*J1^1*Q^4+0.0000343323*Q^5+0,0.0000704773*J1^2*Q^3+-0.0001057160*J1^1*Q^4+0.0000396435*Q^5+0,0,0,0,0,0,0,0.0000704773*J1^2*Q^3+-0.0001057160*J1^1*Q^4+0.0000396435*Q^5+0,0.0002644857*J1^2*Q^3+-0.0003051758*J1^1*Q^4+0.0000801086*Q^5+0,0,0,0,0,0,0,0,0,0,0,0,0,0,0,0,0,0,0},
{0,0,0,0,0,0,0,0,0,0,0,0,0,0,0,0,0,0,0,0,0,0,0,0,0,0,0,0,0,0,0,0,0,0,0,-0.0000610352*J1^2*Q^3+0.0000915527*J1^1*Q^4+-0.0000343323*Q^5+0,0,0,0,0.0000704773*J1^2*Q^3+-0.0001057160*J1^1*Q^4+0.0000396435*Q^5+0,0,0,-0.0001831055*J1^2*Q^3+0.0001831055*J1^1*Q^4+-0.0000343323*Q^5+0,-0.0000704773*J1^2*Q^3+0.0001057160*J1^1*Q^4+-0.0000396435*Q^5+0,0,0,0.0002114320*J1^2*Q^3+-0.0002114320*J1^1*Q^4+0.0000396435*Q^5+0,0.0000813802*J1^2*Q^3+-0.0001220703*J1^1*Q^4+0.0000457764*Q^5+0,0,0,0,0,0,0,0,0,0,0,0,0,0,0,0,0},
{0,0,0,0,0,0,0,0,0,0,0,0,0,0,0,0,0,0,0,0,0,0,0,0,0,0,0,0,0,0,0,0,0,0,-0.0000610352*J1^2*Q^3+0.0000915527*J1^1*Q^4+-0.0000343323*Q^5+0,-0.0000704773*J1^2*Q^3+0.0001057160*J1^1*Q^4+-0.0000396435*Q^5+0,0,0,0.0000704773*J1^2*Q^3+-0.0001057160*J1^1*Q^4+0.0000396435*Q^5+0,0.0000813802*J1^2*Q^3+-0.0001220703*J1^1*Q^4+0.0000457764*Q^5+0,0,0,-0.0000704773*J1^2*Q^3+0.0001057160*J1^1*Q^4+-0.0000396435*Q^5+0,-0.0002644857*J1^2*Q^3+0.0003051758*J1^1*Q^4+-0.0000801086*Q^5+0,0,0,0.0000813802*J1^2*Q^3+-0.0001220703*J1^1*Q^4+0.0000457764*Q^5+0,0.0003054018*J1^2*Q^3+-0.0003523866*J1^1*Q^4+0.0000925015*Q^5+0,0,0,0,0,0,0,0,0,0,0,0,0,0,0,0,0},
{0,0,0,0,0,0,0,0,0,0,0,0,0,0,0,0,0,0,0,0,0,0,0,0,0,0,0,0,0,0,0,0,0,0.0000610352*J1^2*Q^3+-0.0000915527*J1^1*Q^4+0.0000343323*Q^5+0,0,0,0,-0.0000704773*J1^2*Q^3+0.0001057160*J1^1*Q^4+-0.0000396435*Q^5+0,0,0,0.0001831055*J1^2*Q^3+-0.0001831055*J1^1*Q^4+0.0000343323*Q^5+0,0.0000704773*J1^2*Q^3+-0.0001057160*J1^1*Q^4+0.0000396435*Q^5+0,0,0,-0.0002114320*J1^2*Q^3+0.0002114320*J1^1*Q^4+-0.0000396435*Q^5+0,-0.0000813802*J1^2*Q^3+0.0001220703*J1^1*Q^4+-0.0000457764*Q^5+0,0,0,0,0,0,0,0,0,0,0,0,0,0,0,0,0,0,0},
{0,0,0,0,0,0,0,0,0,0,0,0,0,0,0,0,0,0,0,0,0,0,0,0,0,0,0,0,0,0,0,0,0.0000610352*J1^2*Q^3+-0.0000915527*J1^1*Q^4+0.0000343323*Q^5+0,0.0000704773*J1^2*Q^3+-0.0001057160*J1^1*Q^4+0.0000396435*Q^5+0,0,0,-0.0000704773*J1^2*Q^3+0.0001057160*J1^1*Q^4+-0.0000396435*Q^5+0,-0.0000813802*J1^2*Q^3+0.0001220703*J1^1*Q^4+-0.0000457764*Q^5+0,0,0,0.0000704773*J1^2*Q^3+-0.0001057160*J1^1*Q^4+0.0000396435*Q^5+0,0.0002644857*J1^2*Q^3+-0.0003051758*J1^1*Q^4+0.0000801086*Q^5+0,0,0,-0.0000813802*J1^2*Q^3+0.0001220703*J1^1*Q^4+-0.0000457764*Q^5+0,-0.0003054018*J1^2*Q^3+0.0003523866*J1^1*Q^4+-0.0000925015*Q^5+0,0,0,0,0,0,0,0,0,0,0,0,0,0,0,0,0,0,0},
{0,0,0,0,0,0,0,0,0,0,0,0,0,0,0,0,0,0,0,0,0,0,0.0001831055*J1^2*Q^3+-0.0001831055*J1^1*Q^4+0.0000343323*Q^5+0,0,0,0,0,0,0,0,0,0.0000610352*J1^2*Q^3+-0.0000915527*J1^1*Q^4+0.0000343323*Q^5+0,0,0,0,0,0,0,0,0,0,0,0,0,0,0,0,0,0,0,0,0,0,0,-0.0002114320*J1^2*Q^3+0.0002114320*J1^1*Q^4+-0.0000396435*Q^5+0,0,0,0,0,0,0,0,0,-0.0000704773*J1^2*Q^3+0.0001057160*J1^1*Q^4+-0.0000396435*Q^5+0},
{0,0,0,0,0,0,0,0,0,0,0,0,0,0,0,0,0,0,0,0,0,0,0,0.0001831055*J1^2*Q^3+-0.0001831055*J1^1*Q^4+0.0000343323*Q^5+0,0,0,0,0,0,0,0.0000610352*J1^2*Q^3+-0.0000915527*J1^1*Q^4+0.0000343323*Q^5+0,0.0000704773*J1^2*Q^3+-0.0001057160*J1^1*Q^4+0.0000396435*Q^5+0,0,0,0,0,0,0,0,0,0,0,0,0,0,0,0,0,0,0,0,0,0,0,0,-0.0002114320*J1^2*Q^3+0.0002114320*J1^1*Q^4+-0.0000396435*Q^5+0,0,0,0,0,0,0,-0.0000704773*J1^2*Q^3+0.0001057160*J1^1*Q^4+-0.0000396435*Q^5+0,-0.0000813802*J1^2*Q^3+0.0001220703*J1^1*Q^4+-0.0000457764*Q^5+0},
{0,0,0,0,0,0,0,0,0,0,0,0,0,0,0,0,0,0,0,0,-0.0001831055*J1^2*Q^3+0.0001831055*J1^1*Q^4+-0.0000343323*Q^5+0,0,0,0,0,0,0,0,0,-0.0000610352*J1^2*Q^3+0.0000915527*J1^1*Q^4+-0.0000343323*Q^5+0,0,0,0,0,0,0,0,0,0,0,0,0,0,0,0,0,0,0,0,0,0,0,0.0002114320*J1^2*Q^3+-0.0002114320*J1^1*Q^4+0.0000396435*Q^5+0,0,0,0,0,0,0,0,0,0.0000704773*J1^2*Q^3+-0.0001057160*J1^1*Q^4+0.0000396435*Q^5+0,0,0},
{0,0,0,0,0,0,0,0,0,0,0,0,0,0,0,0,0,0,0,0,0,-0.0001831055*J1^2*Q^3+0.0001831055*J1^1*Q^4+-0.0000343323*Q^5+0,0,0,0,0,0,0,-0.0000610352*J1^2*Q^3+0.0000915527*J1^1*Q^4+-0.0000343323*Q^5+0,-0.0000704773*J1^2*Q^3+0.0001057160*J1^1*Q^4+-0.0000396435*Q^5+0,0,0,0,0,0,0,0,0,0,0,0,0,0,0,0,0,0,0,0,0,0,0,0,0.0002114320*J1^2*Q^3+-0.0002114320*J1^1*Q^4+0.0000396435*Q^5+0,0,0,0,0,0,0,0.0000704773*J1^2*Q^3+-0.0001057160*J1^1*Q^4+0.0000396435*Q^5+0,0.0000813802*J1^2*Q^3+-0.0001220703*J1^1*Q^4+0.0000457764*Q^5+0,0,0},
{0,0,0,0,0,0,0,0,0,0,0,0,0,0,0,0,0,0,0.0001831055*J1^2*Q^3+-0.0001831055*J1^1*Q^4+0.0000343323*Q^5+0,0,0,0,-0.0002114320*J1^2*Q^3+0.0002114320*J1^1*Q^4+-0.0000396435*Q^5+0,0,0,0,0,0.0000610352*J1^2*Q^3+-0.0000915527*J1^1*Q^4+0.0000343323*Q^5+0,0,0,0,-0.0000704773*J1^2*Q^3+0.0001057160*J1^1*Q^4+-0.0000396435*Q^5+0,0,0,0,0,0,0,0,0,0,0,0,0,0,0,0,0,0,0,-0.0002114320*J1^2*Q^3+0.0002114320*J1^1*Q^4+-0.0000396435*Q^5+0,0,0,0,0.0002441406*J1^2*Q^3+-0.0002441406*J1^1*Q^4+0.0000457764*Q^5+0,0,0,0,0,-0.0000704773*J1^2*Q^3+0.0001057160*J1^1*Q^4+-0.0000396435*Q^5+0,0,0,0,0.0000813802*J1^2*Q^3+-0.0001220703*J1^1*Q^4+0.0000457764*Q^5+0},
{0,0,0,0,0,0,0,0,0,0,0,0,0,0,0,0,0,0,0,0.0001831055*J1^2*Q^3+-0.0001831055*J1^1*Q^4+0.0000343323*Q^5+0,0,0,0,-0.0002114320*J1^2*Q^3+0.0002114320*J1^1*Q^4+-0.0000396435*Q^5+0,0,0,0.0000610352*J1^2*Q^3+-0.0000915527*J1^1*Q^4+0.0000343323*Q^5+0,0.0000704773*J1^2*Q^3+-0.0001057160*J1^1*Q^4+0.0000396435*Q^5+0,0,0,-0.0000704773*J1^2*Q^3+0.0001057160*J1^1*Q^4+-0.0000396435*Q^5+0,-0.0000813802*J1^2*Q^3+0.0001220703*J1^1*Q^4+-0.0000457764*Q^5+0,0,0,0,0,0,0,0,0,0,0,0,0,0,0,0,0,0,0,0,-0.0002114320*J1^2*Q^3+0.0002114320*J1^1*Q^4+-0.0000396435*Q^5+0,0,0,0,0.0002441406*J1^2*Q^3+-0.0002441406*J1^1*Q^4+0.0000457764*Q^5+0,0,0,-0.0000704773*J1^2*Q^3+0.0001057160*J1^1*Q^4+-0.0000396435*Q^5+0,-0.0000813802*J1^2*Q^3+0.0001220703*J1^1*Q^4+-0.0000457764*Q^5+0,0,0,0.0000813802*J1^2*Q^3+-0.0001220703*J1^1*Q^4+0.0000457764*Q^5+0,0.0000939698*J1^2*Q^3+-0.0001409547*J1^1*Q^4+0.0000528580*Q^5+0},
{0,0,0,0,0,0,0,0,0,0,0,0,0,0,0,0,-0.0001831055*J1^2*Q^3+0.0001831055*J1^1*Q^4+-0.0000343323*Q^5+0,0,0,0,0.0002114320*J1^2*Q^3+-0.0002114320*J1^1*Q^4+0.0000396435*Q^5+0,0,0,0,0,-0.0000610352*J1^2*Q^3+0.0000915527*J1^1*Q^4+-0.0000343323*Q^5+0,0,0,0,0.0000704773*J1^2*Q^3+-0.0001057160*J1^1*Q^4+0.0000396435*Q^5+0,0,0,0,0,0,0,0,0,0,0,0,0,0,0,0,0,0,0,0.0002114320*J1^2*Q^3+-0.0002114320*J1^1*Q^4+0.0000396435*Q^5+0,0,0,0,-0.0002441406*J1^2*Q^3+0.0002441406*J1^1*Q^4+-0.0000457764*Q^5+0,0,0,0,0,0.0000704773*J1^2*Q^3+-0.0001057160*J1^1*Q^4+0.0000396435*Q^5+0,0,0,0,-0.0000813802*J1^2*Q^3+0.0001220703*J1^1*Q^4+-0.0000457764*Q^5+0,0,0},
{0,0,0,0,0,0,0,0,0,0,0,0,0,0,0,0,0,-0.0001831055*J1^2*Q^3+0.0001831055*J1^1*Q^4+-0.0000343323*Q^5+0,0,0,0,0.0002114320*J1^2*Q^3+-0.0002114320*J1^1*Q^4+0.0000396435*Q^5+0,0,0,-0.0000610352*J1^2*Q^3+0.0000915527*J1^1*Q^4+-0.0000343323*Q^5+0,-0.0000704773*J1^2*Q^3+0.0001057160*J1^1*Q^4+-0.0000396435*Q^5+0,0,0,0.0000704773*J1^2*Q^3+-0.0001057160*J1^1*Q^4+0.0000396435*Q^5+0,0.0000813802*J1^2*Q^3+-0.0001220703*J1^1*Q^4+0.0000457764*Q^5+0,0,0,0,0,0,0,0,0,0,0,0,0,0,0,0,0,0,0,0,0.0002114320*J1^2*Q^3+-0.0002114320*J1^1*Q^4+0.0000396435*Q^5+0,0,0,0,-0.0002441406*J1^2*Q^3+0.0002441406*J1^1*Q^4+-0.0000457764*Q^5+0,0,0,0.0000704773*J1^2*Q^3+-0.0001057160*J1^1*Q^4+0.0000396435*Q^5+0,0.0000813802*J1^2*Q^3+-0.0001220703*J1^1*Q^4+0.0000457764*Q^5+0,0,0,-0.0000813802*J1^2*Q^3+0.0001220703*J1^1*Q^4+-0.0000457764*Q^5+0,-0.0000939698*J1^2*Q^3+0.0001409547*J1^1*Q^4+-0.0000528580*Q^5+0,0,0},
{0,0,0,0,0,0,0,0,0,0,0,0,0,0,0,0,0,0,0,0,0,0,0,0.0000610352*J1^2*Q^3+-0.0000915527*J1^1*Q^4+0.0000343323*Q^5+0,0,0,0,0,0,0,0.0001831055*J1^2*Q^3+-0.0001831055*J1^1*Q^4+0.0000343323*Q^5+0,0.0000704773*J1^2*Q^3+-0.0001057160*J1^1*Q^4+0.0000396435*Q^5+0,0,0,0,0,0,0,0,0,0,0,0,0,0,0,0,0,0,0,0,0,0,0,0,-0.0000704773*J1^2*Q^3+0.0001057160*J1^1*Q^4+-0.0000396435*Q^5+0,0,0,0,0,0,0,-0.0002114320*J1^2*Q^3+0.0002114320*J1^1*Q^4+-0.0000396435*Q^5+0,-0.0000813802*J1^2*Q^3+0.0001220703*J1^1*Q^4+-0.0000457764*Q^5+0},
{0,0,0,0,0,0,0,0,0,0,0,0,0,0,0,0,0,0,0,0,0,0,0.0000610352*J1^2*Q^3+-0.0000915527*J1^1*Q^4+0.0000343323*Q^5+0,0.0000704773*J1^2*Q^3+-0.0001057160*J1^1*Q^4+0.0000396435*Q^5+0,0,0,0,0,0,0,0.0000704773*J1^2*Q^3+-0.0001057160*J1^1*Q^4+0.0000396435*Q^5+0,0.0002644857*J1^2*Q^3+-0.0003051758*J1^1*Q^4+0.0000801086*Q^5+0,0,0,0,0,0,0,0,0,0,0,0,0,0,0,0,0,0,0,0,0,0,0,-0.0000704773*J1^2*Q^3+0.0001057160*J1^1*Q^4+-0.0000396435*Q^5+0,-0.0000813802*J1^2*Q^3+0.0001220703*J1^1*Q^4+-0.0000457764*Q^5+0,0,0,0,0,0,0,-0.0000813802*J1^2*Q^3+0.0001220703*J1^1*Q^4+-0.0000457764*Q^5+0,-0.0003054018*J1^2*Q^3+0.0003523866*J1^1*Q^4+-0.0000925015*Q^5+0},
{0,0,0,0,0,0,0,0,0,0,0,0,0,0,0,0,0,0,0,0,0,-0.0000610352*J1^2*Q^3+0.0000915527*J1^1*Q^4+-0.0000343323*Q^5+0,0,0,0,0,0,0,-0.0001831055*J1^2*Q^3+0.0001831055*J1^1*Q^4+-0.0000343323*Q^5+0,-0.0000704773*J1^2*Q^3+0.0001057160*J1^1*Q^4+-0.0000396435*Q^5+0,0,0,0,0,0,0,0,0,0,0,0,0,0,0,0,0,0,0,0,0,0,0,0,0.0000704773*J1^2*Q^3+-0.0001057160*J1^1*Q^4+0.0000396435*Q^5+0,0,0,0,0,0,0,0.0002114320*J1^2*Q^3+-0.0002114320*J1^1*Q^4+0.0000396435*Q^5+0,0.0000813802*J1^2*Q^3+-0.0001220703*J1^1*Q^4+0.0000457764*Q^5+0,0,0},
{0,0,0,0,0,0,0,0,0,0,0,0,0,0,0,0,0,0,0,0,-0.0000610352*J1^2*Q^3+0.0000915527*J1^1*Q^4+-0.0000343323*Q^5+0,-0.0000704773*J1^2*Q^3+0.0001057160*J1^1*Q^4+-0.0000396435*Q^5+0,0,0,0,0,0,0,-0.0000704773*J1^2*Q^3+0.0001057160*J1^1*Q^4+-0.0000396435*Q^5+0,-0.0002644857*J1^2*Q^3+0.0003051758*J1^1*Q^4+-0.0000801086*Q^5+0,0,0,0,0,0,0,0,0,0,0,0,0,0,0,0,0,0,0,0,0,0,0,0.0000704773*J1^2*Q^3+-0.0001057160*J1^1*Q^4+0.0000396435*Q^5+0,0.0000813802*J1^2*Q^3+-0.0001220703*J1^1*Q^4+0.0000457764*Q^5+0,0,0,0,0,0,0,0.0000813802*J1^2*Q^3+-0.0001220703*J1^1*Q^4+0.0000457764*Q^5+0,0.0003054018*J1^2*Q^3+-0.0003523866*J1^1*Q^4+0.0000925015*Q^5+0,0,0},
{0,0,0,0,0,0,0,0,0,0,0,0,0,0,0,0,0,0,0,0.0000610352*J1^2*Q^3+-0.0000915527*J1^1*Q^4+0.0000343323*Q^5+0,0,0,0,-0.0000704773*J1^2*Q^3+0.0001057160*J1^1*Q^4+-0.0000396435*Q^5+0,0,0,0.0001831055*J1^2*Q^3+-0.0001831055*J1^1*Q^4+0.0000343323*Q^5+0,0.0000704773*J1^2*Q^3+-0.0001057160*J1^1*Q^4+0.0000396435*Q^5+0,0,0,-0.0002114320*J1^2*Q^3+0.0002114320*J1^1*Q^4+-0.0000396435*Q^5+0,-0.0000813802*J1^2*Q^3+0.0001220703*J1^1*Q^4+-0.0000457764*Q^5+0,0,0,0,0,0,0,0,0,0,0,0,0,0,0,0,0,0,0,0,-0.0000704773*J1^2*Q^3+0.0001057160*J1^1*Q^4+-0.0000396435*Q^5+0,0,0,0,0.0000813802*J1^2*Q^3+-0.0001220703*J1^1*Q^4+0.0000457764*Q^5+0,0,0,-0.0002114320*J1^2*Q^3+0.0002114320*J1^1*Q^4+-0.0000396435*Q^5+0,-0.0000813802*J1^2*Q^3+0.0001220703*J1^1*Q^4+-0.0000457764*Q^5+0,0,0,0.0002441406*J1^2*Q^3+-0.0002441406*J1^1*Q^4+0.0000457764*Q^5+0,0.0000939698*J1^2*Q^3+-0.0001409547*J1^1*Q^4+0.0000528580*Q^5+0},
{0,0,0,0,0,0,0,0,0,0,0,0,0,0,0,0,0,0,0.0000610352*J1^2*Q^3+-0.0000915527*J1^1*Q^4+0.0000343323*Q^5+0,0.0000704773*J1^2*Q^3+-0.0001057160*J1^1*Q^4+0.0000396435*Q^5+0,0,0,-0.0000704773*J1^2*Q^3+0.0001057160*J1^1*Q^4+-0.0000396435*Q^5+0,-0.0000813802*J1^2*Q^3+0.0001220703*J1^1*Q^4+-0.0000457764*Q^5+0,0,0,0.0000704773*J1^2*Q^3+-0.0001057160*J1^1*Q^4+0.0000396435*Q^5+0,0.0002644857*J1^2*Q^3+-0.0003051758*J1^1*Q^4+0.0000801086*Q^5+0,0,0,-0.0000813802*J1^2*Q^3+0.0001220703*J1^1*Q^4+-0.0000457764*Q^5+0,-0.0003054018*J1^2*Q^3+0.0003523866*J1^1*Q^4+-0.0000925015*Q^5+0,0,0,0,0,0,0,0,0,0,0,0,0,0,0,0,0,0,0,-0.0000704773*J1^2*Q^3+0.0001057160*J1^1*Q^4+-0.0000396435*Q^5+0,-0.0000813802*J1^2*Q^3+0.0001220703*J1^1*Q^4+-0.0000457764*Q^5+0,0,0,0.0000813802*J1^2*Q^3+-0.0001220703*J1^1*Q^4+0.0000457764*Q^5+0,0.0000939698*J1^2*Q^3+-0.0001409547*J1^1*Q^4+0.0000528580*Q^5+0,0,0,-0.0000813802*J1^2*Q^3+0.0001220703*J1^1*Q^4+-0.0000457764*Q^5+0,-0.0003054018*J1^2*Q^3+0.0003523866*J1^1*Q^4+-0.0000925015*Q^5+0,0,0,0.0000939698*J1^2*Q^3+-0.0001409547*J1^1*Q^4+0.0000528580*Q^5+0,0.0003526476*J1^2*Q^3+-0.0004069010*J1^1*Q^4+0.0001068115*Q^5+0},
{0,0,0,0,0,0,0,0,0,0,0,0,0,0,0,0,0,-0.0000610352*J1^2*Q^3+0.0000915527*J1^1*Q^4+-0.0000343323*Q^5+0,0,0,0,0.0000704773*J1^2*Q^3+-0.0001057160*J1^1*Q^4+0.0000396435*Q^5+0,0,0,-0.0001831055*J1^2*Q^3+0.0001831055*J1^1*Q^4+-0.0000343323*Q^5+0,-0.0000704773*J1^2*Q^3+0.0001057160*J1^1*Q^4+-0.0000396435*Q^5+0,0,0,0.0002114320*J1^2*Q^3+-0.0002114320*J1^1*Q^4+0.0000396435*Q^5+0,0.0000813802*J1^2*Q^3+-0.0001220703*J1^1*Q^4+0.0000457764*Q^5+0,0,0,0,0,0,0,0,0,0,0,0,0,0,0,0,0,0,0,0,0.0000704773*J1^2*Q^3+-0.0001057160*J1^1*Q^4+0.0000396435*Q^5+0,0,0,0,-0.0000813802*J1^2*Q^3+0.0001220703*J1^1*Q^4+-0.0000457764*Q^5+0,0,0,0.0002114320*J1^2*Q^3+-0.0002114320*J1^1*Q^4+0.0000396435*Q^5+0,0.0000813802*J1^2*Q^3+-0.0001220703*J1^1*Q^4+0.0000457764*Q^5+0,0,0,-0.0002441406*J1^2*Q^3+0.0002441406*J1^1*Q^4+-0.0000457764*Q^5+0,-0.0000939698*J1^2*Q^3+0.0001409547*J1^1*Q^4+-0.0000528580*Q^5+0,0,0},
{0,0,0,0,0,0,0,0,0,0,0,0,0,0,0,0,-0.0000610352*J1^2*Q^3+0.0000915527*J1^1*Q^4+-0.0000343323*Q^5+0,-0.0000704773*J1^2*Q^3+0.0001057160*J1^1*Q^4+-0.0000396435*Q^5+0,0,0,0.0000704773*J1^2*Q^3+-0.0001057160*J1^1*Q^4+0.0000396435*Q^5+0,0.0000813802*J1^2*Q^3+-0.0001220703*J1^1*Q^4+0.0000457764*Q^5+0,0,0,-0.0000704773*J1^2*Q^3+0.0001057160*J1^1*Q^4+-0.0000396435*Q^5+0,-0.0002644857*J1^2*Q^3+0.0003051758*J1^1*Q^4+-0.0000801086*Q^5+0,0,0,0.0000813802*J1^2*Q^3+-0.0001220703*J1^1*Q^4+0.0000457764*Q^5+0,0.0003054018*J1^2*Q^3+-0.0003523866*J1^1*Q^4+0.0000925015*Q^5+0,0,0,0,0,0,0,0,0,0,0,0,0,0,0,0,0,0,0,0.0000704773*J1^2*Q^3+-0.0001057160*J1^1*Q^4+0.0000396435*Q^5+0,0.0000813802*J1^2*Q^3+-0.0001220703*J1^1*Q^4+0.0000457764*Q^5+0,0,0,-0.0000813802*J1^2*Q^3+0.0001220703*J1^1*Q^4+-0.0000457764*Q^5+0,-0.0000939698*J1^2*Q^3+0.0001409547*J1^1*Q^4+-0.0000528580*Q^5+0,0,0,0.0000813802*J1^2*Q^3+-0.0001220703*J1^1*Q^4+0.0000457764*Q^5+0,0.0003054018*J1^2*Q^3+-0.0003523866*J1^1*Q^4+0.0000925015*Q^5+0,0,0,-0.0000939698*J1^2*Q^3+0.0001409547*J1^1*Q^4+-0.0000528580*Q^5+0,-0.0003526476*J1^2*Q^3+0.0004069010*J1^1*Q^4+-0.0001068115*Q^5+0,0,0},
{0,0,0,0,0,0,-0.0001831055*J1^2*Q^3+0.0001831055*J1^1*Q^4+-0.0000343323*Q^5+0,0,0,0,0,0,0,0,0,-0.0000610352*J1^2*Q^3+0.0000915527*J1^1*Q^4+-0.0000343323*Q^5+0,0,0,0,0,0,0,0,0,0,0,0,0,0,0,0,0,0,0,0,0,0,0,0.0002114320*J1^2*Q^3+-0.0002114320*J1^1*Q^4+0.0000396435*Q^5+0,0,0,0,0,0,0,0,0,0.0000704773*J1^2*Q^3+-0.0001057160*J1^1*Q^4+0.0000396435*Q^5+0,0,0,0,0,0,0,0,0,0,0,0,0,0,0,0,0},
{0,0,0,0,0,0,0,-0.0001831055*J1^2*Q^3+0.0001831055*J1^1*Q^4+-0.0000343323*Q^5+0,0,0,0,0,0,0,-0.0000610352*J1^2*Q^3+0.0000915527*J1^1*Q^4+-0.0000343323*Q^5+0,-0.0000704773*J1^2*Q^3+0.0001057160*J1^1*Q^4+-0.0000396435*Q^5+0,0,0,0,0,0,0,0,0,0,0,0,0,0,0,0,0,0,0,0,0,0,0,0,0.0002114320*J1^2*Q^3+-0.0002114320*J1^1*Q^4+0.0000396435*Q^5+0,0,0,0,0,0,0,0.0000704773*J1^2*Q^3+-0.0001057160*J1^1*Q^4+0.0000396435*Q^5+0,0.0000813802*J1^2*Q^3+-0.0001220703*J1^1*Q^4+0.0000457764*Q^5+0,0,0,0,0,0,0,0,0,0,0,0,0,0,0,0,0},
{0,0,0,0,0.0001831055*J1^2*Q^3+-0.0001831055*J1^1*Q^4+0.0000343323*Q^5+0,0,0,0,0,0,0,0,0,0.0000610352*J1^2*Q^3+-0.0000915527*J1^1*Q^4+0.0000343323*Q^5+0,0,0,0,0,0,0,0,0,0,0,0,0,0,0,0,0,0,0,0,0,0,0,-0.0002114320*J1^2*Q^3+0.0002114320*J1^1*Q^4+-0.0000396435*Q^5+0,0,0,0,0,0,0,0,0,-0.0000704773*J1^2*Q^3+0.0001057160*J1^1*Q^4+-0.0000396435*Q^5+0,0,0,0,0,0,0,0,0,0,0,0,0,0,0,0,0,0,0},
{0,0,0,0,0,0.0001831055*J1^2*Q^3+-0.0001831055*J1^1*Q^4+0.0000343323*Q^5+0,0,0,0,0,0,0,0.0000610352*J1^2*Q^3+-0.0000915527*J1^1*Q^4+0.0000343323*Q^5+0,0.0000704773*J1^2*Q^3+-0.0001057160*J1^1*Q^4+0.0000396435*Q^5+0,0,0,0,0,0,0,0,0,0,0,0,0,0,0,0,0,0,0,0,0,0,0,0,-0.0002114320*J1^2*Q^3+0.0002114320*J1^1*Q^4+-0.0000396435*Q^5+0,0,0,0,0,0,0,-0.0000704773*J1^2*Q^3+0.0001057160*J1^1*Q^4+-0.0000396435*Q^5+0,-0.0000813802*J1^2*Q^3+0.0001220703*J1^1*Q^4+-0.0000457764*Q^5+0,0,0,0,0,0,0,0,0,0,0,0,0,0,0,0,0,0,0},
{0,0,-0.0001831055*J1^2*Q^3+0.0001831055*J1^1*Q^4+-0.0000343323*Q^5+0,0,0,0,0.0002114320*J1^2*Q^3+-0.0002114320*J1^1*Q^4+0.0000396435*Q^5+0,0,0,0,0,-0.0000610352*J1^2*Q^3+0.0000915527*J1^1*Q^4+-0.0000343323*Q^5+0,0,0,0,0.0000704773*J1^2*Q^3+-0.0001057160*J1^1*Q^4+0.0000396435*Q^5+0,0,0,0,0,0,0,0,0,0,0,0,0,0,0,0,0,0,0,0.0002114320*J1^2*Q^3+-0.0002114320*J1^1*Q^4+0.0000396435*Q^5+0,0,0,0,-0.0002441406*J1^2*Q^3+0.0002441406*J1^1*Q^4+-0.0000457764*Q^5+0,0,0,0,0,0.0000704773*J1^2*Q^3+-0.0001057160*J1^1*Q^4+0.0000396435*Q^5+0,0,0,0,-0.0000813802*J1^2*Q^3+0.0001220703*J1^1*Q^4+-0.0000457764*Q^5+0,0,0,0,0,0,0,0,0,0,0,0,0,0,0,0,0},
{0,0,0,-0.0001831055*J1^2*Q^3+0.0001831055*J1^1*Q^4+-0.0000343323*Q^5+0,0,0,0,0.0002114320*J1^2*Q^3+-0.0002114320*J1^1*Q^4+0.0000396435*Q^5+0,0,0,-0.0000610352*J1^2*Q^3+0.0000915527*J1^1*Q^4+-0.0000343323*Q^5+0,-0.0000704773*J1^2*Q^3+0.0001057160*J1^1*Q^4+-0.0000396435*Q^5+0,0,0,0.0000704773*J1^2*Q^3+-0.0001057160*J1^1*Q^4+0.0000396435*Q^5+0,0.0000813802*J1^2*Q^3+-0.0001220703*J1^1*Q^4+0.0000457764*Q^5+0,0,0,0,0,0,0,0,0,0,0,0,0,0,0,0,0,0,0,0,0.0002114320*J1^2*Q^3+-0.0002114320*J1^1*Q^4+0.0000396435*Q^5+0,0,0,0,-0.0002441406*J1^2*Q^3+0.0002441406*J1^1*Q^4+-0.0000457764*Q^5+0,0,0,0.0000704773*J1^2*Q^3+-0.0001057160*J1^1*Q^4+0.0000396435*Q^5+0,0.0000813802*J1^2*Q^3+-0.0001220703*J1^1*Q^4+0.0000457764*Q^5+0,0,0,-0.0000813802*J1^2*Q^3+0.0001220703*J1^1*Q^4+-0.0000457764*Q^5+0,-0.0000939698*J1^2*Q^3+0.0001409547*J1^1*Q^4+-0.0000528580*Q^5+0,0,0,0,0,0,0,0,0,0,0,0,0,0,0,0,0},
{0.0001831055*J1^2*Q^3+-0.0001831055*J1^1*Q^4+0.0000343323*Q^5+0,0,0,0,-0.0002114320*J1^2*Q^3+0.0002114320*J1^1*Q^4+-0.0000396435*Q^5+0,0,0,0,0,0.0000610352*J1^2*Q^3+-0.0000915527*J1^1*Q^4+0.0000343323*Q^5+0,0,0,0,-0.0000704773*J1^2*Q^3+0.0001057160*J1^1*Q^4+-0.0000396435*Q^5+0,0,0,0,0,0,0,0,0,0,0,0,0,0,0,0,0,0,0,-0.0002114320*J1^2*Q^3+0.0002114320*J1^1*Q^4+-0.0000396435*Q^5+0,0,0,0,0.0002441406*J1^2*Q^3+-0.0002441406*J1^1*Q^4+0.0000457764*Q^5+0,0,0,0,0,-0.0000704773*J1^2*Q^3+0.0001057160*J1^1*Q^4+-0.0000396435*Q^5+0,0,0,0,0.0000813802*J1^2*Q^3+-0.0001220703*J1^1*Q^4+0.0000457764*Q^5+0,0,0,0,0,0,0,0,0,0,0,0,0,0,0,0,0,0,0},
{0,0.0001831055*J1^2*Q^3+-0.0001831055*J1^1*Q^4+0.0000343323*Q^5+0,0,0,0,-0.0002114320*J1^2*Q^3+0.0002114320*J1^1*Q^4+-0.0000396435*Q^5+0,0,0,0.0000610352*J1^2*Q^3+-0.0000915527*J1^1*Q^4+0.0000343323*Q^5+0,0.0000704773*J1^2*Q^3+-0.0001057160*J1^1*Q^4+0.0000396435*Q^5+0,0,0,-0.0000704773*J1^2*Q^3+0.0001057160*J1^1*Q^4+-0.0000396435*Q^5+0,-0.0000813802*J1^2*Q^3+0.0001220703*J1^1*Q^4+-0.0000457764*Q^5+0,0,0,0,0,0,0,0,0,0,0,0,0,0,0,0,0,0,0,0,-0.0002114320*J1^2*Q^3+0.0002114320*J1^1*Q^4+-0.0000396435*Q^5+0,0,0,0,0.0002441406*J1^2*Q^3+-0.0002441406*J1^1*Q^4+0.0000457764*Q^5+0,0,0,-0.0000704773*J1^2*Q^3+0.0001057160*J1^1*Q^4+-0.0000396435*Q^5+0,-0.0000813802*J1^2*Q^3+0.0001220703*J1^1*Q^4+-0.0000457764*Q^5+0,0,0,0.0000813802*J1^2*Q^3+-0.0001220703*J1^1*Q^4+0.0000457764*Q^5+0,0.0000939698*J1^2*Q^3+-0.0001409547*J1^1*Q^4+0.0000528580*Q^5+0,0,0,0,0,0,0,0,0,0,0,0,0,0,0,0,0,0,0},
{0,0,0,0,0,0,0,-0.0000610352*J1^2*Q^3+0.0000915527*J1^1*Q^4+-0.0000343323*Q^5+0,0,0,0,0,0,0,-0.0001831055*J1^2*Q^3+0.0001831055*J1^1*Q^4+-0.0000343323*Q^5+0,-0.0000704773*J1^2*Q^3+0.0001057160*J1^1*Q^4+-0.0000396435*Q^5+0,0,0,0,0,0,0,0,0,0,0,0,0,0,0,0,0,0,0,0,0,0,0,0,0.0000704773*J1^2*Q^3+-0.0001057160*J1^1*Q^4+0.0000396435*Q^5+0,0,0,0,0,0,0,0.0002114320*J1^2*Q^3+-0.0002114320*J1^1*Q^4+0.0000396435*Q^5+0,0.0000813802*J1^2*Q^3+-0.0001220703*J1^1*Q^4+0.0000457764*Q^5+0,0,0,0,0,0,0,0,0,0,0,0,0,0,0,0,0},
{0,0,0,0,0,0,-0.0000610352*J1^2*Q^3+0.0000915527*J1^1*Q^4+-0.0000343323*Q^5+0,-0.0000704773*J1^2*Q^3+0.0001057160*J1^1*Q^4+-0.0000396435*Q^5+0,0,0,0,0,0,0,-0.0000704773*J1^2*Q^3+0.0001057160*J1^1*Q^4+-0.0000396435*Q^5+0,-0.0002644857*J1^2*Q^3+0.0003051758*J1^1*Q^4+-0.0000801086*Q^5+0,0,0,0,0,0,0,0,0,0,0,0,0,0,0,0,0,0,0,0,0,0,0,0.0000704773*J1^2*Q^3+-0.0001057160*J1^1*Q^4+0.0000396435*Q^5+0,0.0000813802*J1^2*Q^3+-0.0001220703*J1^1*Q^4+0.0000457764*Q^5+0,0,0,0,0,0,0,0.0000813802*J1^2*Q^3+-0.0001220703*J1^1*Q^4+0.0000457764*Q^5+0,0.0003054018*J1^2*Q^3+-0.0003523866*J1^1*Q^4+0.0000925015*Q^5+0,0,0,0,0,0,0,0,0,0,0,0,0,0,0,0,0},
{0,0,0,0,0,0.0000610352*J1^2*Q^3+-0.0000915527*J1^1*Q^4+0.0000343323*Q^5+0,0,0,0,0,0,0,0.0001831055*J1^2*Q^3+-0.0001831055*J1^1*Q^4+0.0000343323*Q^5+0,0.0000704773*J1^2*Q^3+-0.0001057160*J1^1*Q^4+0.0000396435*Q^5+0,0,0,0,0,0,0,0,0,0,0,0,0,0,0,0,0,0,0,0,0,0,0,0,-0.0000704773*J1^2*Q^3+0.0001057160*J1^1*Q^4+-0.0000396435*Q^5+0,0,0,0,0,0,0,-0.0002114320*J1^2*Q^3+0.0002114320*J1^1*Q^4+-0.0000396435*Q^5+0,-0.0000813802*J1^2*Q^3+0.0001220703*J1^1*Q^4+-0.0000457764*Q^5+0,0,0,0,0,0,0,0,0,0,0,0,0,0,0,0,0,0,0},
{0,0,0,0,0.0000610352*J1^2*Q^3+-0.0000915527*J1^1*Q^4+0.0000343323*Q^5+0,0.0000704773*J1^2*Q^3+-0.0001057160*J1^1*Q^4+0.0000396435*Q^5+0,0,0,0,0,0,0,0.0000704773*J1^2*Q^3+-0.0001057160*J1^1*Q^4+0.0000396435*Q^5+0,0.0002644857*J1^2*Q^3+-0.0003051758*J1^1*Q^4+0.0000801086*Q^5+0,0,0,0,0,0,0,0,0,0,0,0,0,0,0,0,0,0,0,0,0,0,0,-0.0000704773*J1^2*Q^3+0.0001057160*J1^1*Q^4+-0.0000396435*Q^5+0,-0.0000813802*J1^2*Q^3+0.0001220703*J1^1*Q^4+-0.0000457764*Q^5+0,0,0,0,0,0,0,-0.0000813802*J1^2*Q^3+0.0001220703*J1^1*Q^4+-0.0000457764*Q^5+0,-0.0003054018*J1^2*Q^3+0.0003523866*J1^1*Q^4+-0.0000925015*Q^5+0,0,0,0,0,0,0,0,0,0,0,0,0,0,0,0,0,0,0},
{0,0,0,-0.0000610352*J1^2*Q^3+0.0000915527*J1^1*Q^4+-0.0000343323*Q^5+0,0,0,0,0.0000704773*J1^2*Q^3+-0.0001057160*J1^1*Q^4+0.0000396435*Q^5+0,0,0,-0.0001831055*J1^2*Q^3+0.0001831055*J1^1*Q^4+-0.0000343323*Q^5+0,-0.0000704773*J1^2*Q^3+0.0001057160*J1^1*Q^4+-0.0000396435*Q^5+0,0,0,0.0002114320*J1^2*Q^3+-0.0002114320*J1^1*Q^4+0.0000396435*Q^5+0,0.0000813802*J1^2*Q^3+-0.0001220703*J1^1*Q^4+0.0000457764*Q^5+0,0,0,0,0,0,0,0,0,0,0,0,0,0,0,0,0,0,0,0,0.0000704773*J1^2*Q^3+-0.0001057160*J1^1*Q^4+0.0000396435*Q^5+0,0,0,0,-0.0000813802*J1^2*Q^3+0.0001220703*J1^1*Q^4+-0.0000457764*Q^5+0,0,0,0.0002114320*J1^2*Q^3+-0.0002114320*J1^1*Q^4+0.0000396435*Q^5+0,0.0000813802*J1^2*Q^3+-0.0001220703*J1^1*Q^4+0.0000457764*Q^5+0,0,0,-0.0002441406*J1^2*Q^3+0.0002441406*J1^1*Q^4+-0.0000457764*Q^5+0,-0.0000939698*J1^2*Q^3+0.0001409547*J1^1*Q^4+-0.0000528580*Q^5+0,0,0,0,0,0,0,0,0,0,0,0,0,0,0,0,0},
{0,0,-0.0000610352*J1^2*Q^3+0.0000915527*J1^1*Q^4+-0.0000343323*Q^5+0,-0.0000704773*J1^2*Q^3+0.0001057160*J1^1*Q^4+-0.0000396435*Q^5+0,0,0,0.0000704773*J1^2*Q^3+-0.0001057160*J1^1*Q^4+0.0000396435*Q^5+0,0.0000813802*J1^2*Q^3+-0.0001220703*J1^1*Q^4+0.0000457764*Q^5+0,0,0,-0.0000704773*J1^2*Q^3+0.0001057160*J1^1*Q^4+-0.0000396435*Q^5+0,-0.0002644857*J1^2*Q^3+0.0003051758*J1^1*Q^4+-0.0000801086*Q^5+0,0,0,0.0000813802*J1^2*Q^3+-0.0001220703*J1^1*Q^4+0.0000457764*Q^5+0,0.0003054018*J1^2*Q^3+-0.0003523866*J1^1*Q^4+0.0000925015*Q^5+0,0,0,0,0,0,0,0,0,0,0,0,0,0,0,0,0,0,0,0.0000704773*J1^2*Q^3+-0.0001057160*J1^1*Q^4+0.0000396435*Q^5+0,0.0000813802*J1^2*Q^3+-0.0001220703*J1^1*Q^4+0.0000457764*Q^5+0,0,0,-0.0000813802*J1^2*Q^3+0.0001220703*J1^1*Q^4+-0.0000457764*Q^5+0,-0.0000939698*J1^2*Q^3+0.0001409547*J1^1*Q^4+-0.0000528580*Q^5+0,0,0,0.0000813802*J1^2*Q^3+-0.0001220703*J1^1*Q^4+0.0000457764*Q^5+0,0.0003054018*J1^2*Q^3+-0.0003523866*J1^1*Q^4+0.0000925015*Q^5+0,0,0,-0.0000939698*J1^2*Q^3+0.0001409547*J1^1*Q^4+-0.0000528580*Q^5+0,-0.0003526476*J1^2*Q^3+0.0004069010*J1^1*Q^4+-0.0001068115*Q^5+0,0,0,0,0,0,0,0,0,0,0,0,0,0,0,0,0},
{0,0.0000610352*J1^2*Q^3+-0.0000915527*J1^1*Q^4+0.0000343323*Q^5+0,0,0,0,-0.0000704773*J1^2*Q^3+0.0001057160*J1^1*Q^4+-0.0000396435*Q^5+0,0,0,0.0001831055*J1^2*Q^3+-0.0001831055*J1^1*Q^4+0.0000343323*Q^5+0,0.0000704773*J1^2*Q^3+-0.0001057160*J1^1*Q^4+0.0000396435*Q^5+0,0,0,-0.0002114320*J1^2*Q^3+0.0002114320*J1^1*Q^4+-0.0000396435*Q^5+0,-0.0000813802*J1^2*Q^3+0.0001220703*J1^1*Q^4+-0.0000457764*Q^5+0,0,0,0,0,0,0,0,0,0,0,0,0,0,0,0,0,0,0,0,-0.0000704773*J1^2*Q^3+0.0001057160*J1^1*Q^4+-0.0000396435*Q^5+0,0,0,0,0.0000813802*J1^2*Q^3+-0.0001220703*J1^1*Q^4+0.0000457764*Q^5+0,0,0,-0.0002114320*J1^2*Q^3+0.0002114320*J1^1*Q^4+-0.0000396435*Q^5+0,-0.0000813802*J1^2*Q^3+0.0001220703*J1^1*Q^4+-0.0000457764*Q^5+0,0,0,0.0002441406*J1^2*Q^3+-0.0002441406*J1^1*Q^4+0.0000457764*Q^5+0,0.0000939698*J1^2*Q^3+-0.0001409547*J1^1*Q^4+0.0000528580*Q^5+0,0,0,0,0,0,0,0,0,0,0,0,0,0,0,0,0,0,0},
{0.0000610352*J1^2*Q^3+-0.0000915527*J1^1*Q^4+0.0000343323*Q^5+0,0.0000704773*J1^2*Q^3+-0.0001057160*J1^1*Q^4+0.0000396435*Q^5+0,0,0,-0.0000704773*J1^2*Q^3+0.0001057160*J1^1*Q^4+-0.0000396435*Q^5+0,-0.0000813802*J1^2*Q^3+0.0001220703*J1^1*Q^4+-0.0000457764*Q^5+0,0,0,0.0000704773*J1^2*Q^3+-0.0001057160*J1^1*Q^4+0.0000396435*Q^5+0,0.0002644857*J1^2*Q^3+-0.0003051758*J1^1*Q^4+0.0000801086*Q^5+0,0,0,-0.0000813802*J1^2*Q^3+0.0001220703*J1^1*Q^4+-0.0000457764*Q^5+0,-0.0003054018*J1^2*Q^3+0.0003523866*J1^1*Q^4+-0.0000925015*Q^5+0,0,0,0,0,0,0,0,0,0,0,0,0,0,0,0,0,0,0,-0.0000704773*J1^2*Q^3+0.0001057160*J1^1*Q^4+-0.0000396435*Q^5+0,-0.0000813802*J1^2*Q^3+0.0001220703*J1^1*Q^4+-0.0000457764*Q^5+0,0,0,0.0000813802*J1^2*Q^3+-0.0001220703*J1^1*Q^4+0.0000457764*Q^5+0,0.0000939698*J1^2*Q^3+-0.0001409547*J1^1*Q^4+0.0000528580*Q^5+0,0,0,-0.0000813802*J1^2*Q^3+0.0001220703*J1^1*Q^4+-0.0000457764*Q^5+0,-0.0003054018*J1^2*Q^3+0.0003523866*J1^1*Q^4+-0.0000925015*Q^5+0,0,0,0.0000939698*J1^2*Q^3+-0.0001409547*J1^1*Q^4+0.0000528580*Q^5+0,0.0003526476*J1^2*Q^3+-0.0004069010*J1^1*Q^4+0.0001068115*Q^5+0,0,0,0,0,0,0,0,0,0,0,0,0,0,0,0,0,0,0}
}