64
{{0,0,0,0,0,0,0,0,0,0,0,0,0,0,0,0.0000449816*J1^1*Q^4+-0.0000310342*Q^5+0,0,0,0,0,0,0,0,0,0,0,0,0,0,0,0,0,0,0,0,0,0,0,0,0,0,0,0,0,0,0,0,0,0,0,0,0,0,0,0,0,0,0,0,0,0,0,0,0},
{0,0,0,0,0,0,0,0,0,0,0,0,0,0,-0.0000449816*J1^1*Q^4+0.0000310342*Q^5+0,0,0,0,0,0,0,0,0,0,0,0,0,0,0,0,0,0,0,0,0,0,0,0,0,0,0,0,0,0,0,0,0,0,0,0,0,0,0,0,0,0,0,0,0,0,0,0,0,0},
{0,0,0,0,0,0,0,0,0,0,0,0,0,0.0000449816*J1^1*Q^4+-0.0000310342*Q^5+0,0,-0.0000519403*J1^1*Q^4+0.0000358352*Q^5+0,0,0,0,0,0,0,0,0,0,0,0,0,0,0,0,0,0,0,0,0,0,0,0,0,0,0,0,0,0,0,0,0,0,0,0,0,0,0,0,0,0,0,0,0,0,0,0,0},
{0,0,0,0,0,0,0,0,0,0,0,0,-0.0000449816*J1^1*Q^4+0.0000310342*Q^5+0,0,0.0000519403*J1^1*Q^4+-0.0000358352*Q^5+0,0,0,0,0,0,0,0,0,0,0,0,0,0,0,0,0,0,0,0,0,0,0,0,0,0,0,0,0,0,0,0,0,0,0,0,0,0,0,0,0,0,0,0,0,0,0,0,0,0},
{0,0,0,0,0,0,0,0,0,0,0,-0.0000449816*J1^1*Q^4+0.0000310342*Q^5+0,0,0,0,0,0,0,0,0,0,0,0,0,0,0,0,0,0,0,0,0,0,0,0,0,0,0,0,0,0,0,0,0,0,0,0,0,0,0,0,0,0,0,0,0,0,0,0,0,0,0,0,0},
{0,0,0,0,0,0,0,0,0,0,0.0000449816*J1^1*Q^4+-0.0000310342*Q^5+0,0,0,0,0,0,0,0,0,0,0,0,0,0,0,0,0,0,0,0,0,0,0,0,0,0,0,0,0,0,0,0,0,0,0,0,0,0,0,0,0,0,0,0,0,0,0,0,0,0,0,0,0,0},
{0,0,0,0,0,0,0,0,0,-0.0000449816*J1^1*Q^4+0.0000310342*Q^5+0,0,0.0000519403*J1^1*Q^4+-0.0000358352*Q^5+0,0,0,0,0,0,0,0,0,0,0,0,0,0,0,0,0,0,0,0,0,0,0,0,0,0,0,0,0,0,0,0,0,0,0,0,0,0,0,0,0,0,0,0,0,0,0,0,0,0,0,0,0},
{0,0,0,0,0,0,0,0,0.0000449816*J1^1*Q^4+-0.0000310342*Q^5+0,0,-0.0000519403*J1^1*Q^4+0.0000358352*Q^5+0,0,0,0,0,0,0,0,0,0,0,0,0,0,0,0,0,0,0,0,0,0,0,0,0,0,0,0,0,0,0,0,0,0,0,0,0,0,0,0,0,0,0,0,0,0,0,0,0,0,0,0,0,0},
{0,0,0,0,0,0,0,0.0000449816*J1^1*Q^4+-0.0000310342*Q^5+0,0,0,0,0,0,0,0,-0.0000519403*J1^1*Q^4+0.0000358352*Q^5+0,0,0,0,0,0,0,0,0,0,0,0,0,0,0,0,0,0,0,0,0,0,0,0,0,0,0,0,0,0,0,0,0,0,0,0,0,0,0,0,0,0,0,0,0,0,0,0,0},
{0,0,0,0,0,0,-0.0000449816*J1^1*Q^4+0.0000310342*Q^5+0,0,0,0,0,0,0,0,0.0000519403*J1^1*Q^4+-0.0000358352*Q^5+0,0,0,0,0,0,0,0,0,0,0,0,0,0,0,0,0,0,0,0,0,0,0,0,0,0,0,0,0,0,0,0,0,0,0,0,0,0,0,0,0,0,0,0,0,0,0,0,0,0},
{0,0,0,0,0,0.0000449816*J1^1*Q^4+-0.0000310342*Q^5+0,0,-0.0000519403*J1^1*Q^4+0.0000358352*Q^5+0,0,0,0,0,0,-0.0000519403*J1^1*Q^4+0.0000358352*Q^5+0,0,0.0000599755*J1^1*Q^4+-0.0000413789*Q^5+0,0,0,0,0,0,0,0,0,0,0,0,0,0,0,0,0,0,0,0,0,0,0,0,0,0,0,0,0,0,0,0,0,0,0,0,0,0,0,0,0,0,0,0,0,0,0,0,0},
{0,0,0,0,-0.0000449816*J1^1*Q^4+0.0000310342*Q^5+0,0,0.0000519403*J1^1*Q^4+-0.0000358352*Q^5+0,0,0,0,0,0,0.0000519403*J1^1*Q^4+-0.0000358352*Q^5+0,0,-0.0000599755*J1^1*Q^4+0.0000413789*Q^5+0,0,0,0,0,0,0,0,0,0,0,0,0,0,0,0,0,0,0,0,0,0,0,0,0,0,0,0,0,0,0,0,0,0,0,0,0,0,0,0,0,0,0,0,0,0,0,0,0,0},
{0,0,0,-0.0000449816*J1^1*Q^4+0.0000310342*Q^5+0,0,0,0,0,0,0,0,0.0000519403*J1^1*Q^4+-0.0000358352*Q^5+0,0,0,0,0,0,0,0,0,0,0,0,0,0,0,0,0,0,0,0,0,0,0,0,0,0,0,0,0,0,0,0,0,0,0,0,0,0,0,0,0,0,0,0,0,0,0,0,0,0,0,0,0},
{0,0,0.0000449816*J1^1*Q^4+-0.0000310342*Q^5+0,0,0,0,0,0,0,0,-0.0000519403*J1^1*Q^4+0.0000358352*Q^5+0,0,0,0,0,0,0,0,0,0,0,0,0,0,0,0,0,0,0,0,0,0,0,0,0,0,0,0,0,0,0,0,0,0,0,0,0,0,0,0,0,0,0,0,0,0,0,0,0,0,0,0,0,0},
{0,-0.0000449816*J1^1*Q^4+0.0000310342*Q^5+0,0,0.0000519403*J1^1*Q^4+-0.0000358352*Q^5+0,0,0,0,0,0,0.0000519403*J1^1*Q^4+-0.0000358352*Q^5+0,0,-0.0000599755*J1^1*Q^4+0.0000413789*Q^5+0,0,0,0,0,0,0,0,0,0,0,0,0,0,0,0,0,0,0,0,0,0,0,0,0,0,0,0,0,0,0,0,0,0,0,0,0,0,0,0,0,0,0,0,0,0,0,0,0,0,0,0,0},
{0.0000449816*J1^1*Q^4+-0.0000310342*Q^5+0,0,-0.0000519403*J1^1*Q^4+0.0000358352*Q^5+0,0,0,0,0,0,-0.0000519403*J1^1*Q^4+0.0000358352*Q^5+0,0,0.0000599755*J1^1*Q^4+-0.0000413789*Q^5+0,0,0,0,0,0,0,0,0,0,0,0,0,0,0,0,0,0,0,0,0,0,0,0,0,0,0,0,0,0,0,0,0,0,0,0,0,0,0,0,0,0,0,0,0,0,0,0,0,0,0,0,0,0},
{0,0,0,0,0,0,0,0,0,0,0,0,0,0,0,0,0,0,0,0,0,0,0,0,0,0,0,0,0,0,0,0.0000449816*J1^1*Q^4+-0.0000310342*Q^5+0,0,0,0,0,0,0,0,0,0,0,0,0,0,0,0,0,0,0,0,0,0,0,0,0,0,0,0,0,0,0,0,0},
{0,0,0,0,0,0,0,0,0,0,0,0,0,0,0,0,0,0,0,0,0,0,0,0,0,0,0,0,0,0,-0.0000449816*J1^1*Q^4+0.0000310342*Q^5+0,0,0,0,0,0,0,0,0,0,0,0,0,0,0,0,0,0,0,0,0,0,0,0,0,0,0,0,0,0,0,0,0,0},
{0,0,0,0,0,0,0,0,0,0,0,0,0,0,0,0,0,0,0,0,0,0,0,0,0,0,0,0,0,0.0000449816*J1^1*Q^4+-0.0000310342*Q^5+0,0,-0.0000519403*J1^1*Q^4+0.0000358352*Q^5+0,0,0,0,0,0,0,0,0,0,0,0,0,0,0,0,0,0,0,0,0,0,0,0,0,0,0,0,0,0,0,0,0},
{0,0,0,0,0,0,0,0,0,0,0,0,0,0,0,0,0,0,0,0,0,0,0,0,0,0,0,0,-0.0000449816*J1^1*Q^4+0.0000310342*Q^5+0,0,0.0000519403*J1^1*Q^4+-0.0000358352*Q^5+0,0,0,0,0,0,0,0,0,0,0,0,0,0,0,0,0,0,0,0,0,0,0,0,0,0,0,0,0,0,0,0,0,0},
{0,0,0,0,0,0,0,0,0,0,0,0,0,0,0,0,0,0,0,0,0,0,0,0,0,0,0,-0.0000449816*J1^1*Q^4+0.0000310342*Q^5+0,0,0,0,0,0,0,0,0,0,0,0,0,0,0,0,0,0,0,0,0,0,0,0,0,0,0,0,0,0,0,0,0,0,0,0,0},
{0,0,0,0,0,0,0,0,0,0,0,0,0,0,0,0,0,0,0,0,0,0,0,0,0,0,0.0000449816*J1^1*Q^4+-0.0000310342*Q^5+0,0,0,0,0,0,0,0,0,0,0,0,0,0,0,0,0,0,0,0,0,0,0,0,0,0,0,0,0,0,0,0,0,0,0,0,0,0},
{0,0,0,0,0,0,0,0,0,0,0,0,0,0,0,0,0,0,0,0,0,0,0,0,0,-0.0000449816*J1^1*Q^4+0.0000310342*Q^5+0,0,0.0000519403*J1^1*Q^4+-0.0000358352*Q^5+0,0,0,0,0,0,0,0,0,0,0,0,0,0,0,0,0,0,0,0,0,0,0,0,0,0,0,0,0,0,0,0,0,0,0,0,0},
{0,0,0,0,0,0,0,0,0,0,0,0,0,0,0,0,0,0,0,0,0,0,0,0,0.0000449816*J1^1*Q^4+-0.0000310342*Q^5+0,0,-0.0000519403*J1^1*Q^4+0.0000358352*Q^5+0,0,0,0,0,0,0,0,0,0,0,0,0,0,0,0,0,0,0,0,0,0,0,0,0,0,0,0,0,0,0,0,0,0,0,0,0,0},
{0,0,0,0,0,0,0,0,0,0,0,0,0,0,0,0,0,0,0,0,0,0,0,0.0000449816*J1^1*Q^4+-0.0000310342*Q^5+0,0,0,0,0,0,0,0,-0.0000519403*J1^1*Q^4+0.0000358352*Q^5+0,0,0,0,0,0,0,0,0,0,0,0,0,0,0,0,0,0,0,0,0,0,0,0,0,0,0,0,0,0,0,0,0},
{0,0,0,0,0,0,0,0,0,0,0,0,0,0,0,0,0,0,0,0,0,0,-0.0000449816*J1^1*Q^4+0.0000310342*Q^5+0,0,0,0,0,0,0,0,0.0000519403*J1^1*Q^4+-0.0000358352*Q^5+0,0,0,0,0,0,0,0,0,0,0,0,0,0,0,0,0,0,0,0,0,0,0,0,0,0,0,0,0,0,0,0,0,0},
{0,0,0,0,0,0,0,0,0,0,0,0,0,0,0,0,0,0,0,0,0,0.0000449816*J1^1*Q^4+-0.0000310342*Q^5+0,0,-0.0000519403*J1^1*Q^4+0.0000358352*Q^5+0,0,0,0,0,0,-0.0000519403*J1^1*Q^4+0.0000358352*Q^5+0,0,0.0000599755*J1^1*Q^4+-0.0000413789*Q^5+0,0,0,0,0,0,0,0,0,0,0,0,0,0,0,0,0,0,0,0,0,0,0,0,0,0,0,0,0,0,0,0,0},
{0,0,0,0,0,0,0,0,0,0,0,0,0,0,0,0,0,0,0,0,-0.0000449816*J1^1*Q^4+0.0000310342*Q^5+0,0,0.0000519403*J1^1*Q^4+-0.0000358352*Q^5+0,0,0,0,0,0,0.0000519403*J1^1*Q^4+-0.0000358352*Q^5+0,0,-0.0000599755*J1^1*Q^4+0.0000413789*Q^5+0,0,0,0,0,0,0,0,0,0,0,0,0,0,0,0,0,0,0,0,0,0,0,0,0,0,0,0,0,0,0,0,0,0},
{0,0,0,0,0,0,0,0,0,0,0,0,0,0,0,0,0,0,0,-0.0000449816*J1^1*Q^4+0.0000310342*Q^5+0,0,0,0,0,0,0,0,0.0000519403*J1^1*Q^4+-0.0000358352*Q^5+0,0,0,0,0,0,0,0,0,0,0,0,0,0,0,0,0,0,0,0,0,0,0,0,0,0,0,0,0,0,0,0,0,0,0,0,0},
{0,0,0,0,0,0,0,0,0,0,0,0,0,0,0,0,0,0,0.0000449816*J1^1*Q^4+-0.0000310342*Q^5+0,0,0,0,0,0,0,0,-0.0000519403*J1^1*Q^4+0.0000358352*Q^5+0,0,0,0,0,0,0,0,0,0,0,0,0,0,0,0,0,0,0,0,0,0,0,0,0,0,0,0,0,0,0,0,0,0,0,0,0,0},
{0,0,0,0,0,0,0,0,0,0,0,0,0,0,0,0,0,-0.0000449816*J1^1*Q^4+0.0000310342*Q^5+0,0,0.0000519403*J1^1*Q^4+-0.0000358352*Q^5+0,0,0,0,0,0,0.0000519403*J1^1*Q^4+-0.0000358352*Q^5+0,0,-0.0000599755*J1^1*Q^4+0.0000413789*Q^5+0,0,0,0,0,0,0,0,0,0,0,0,0,0,0,0,0,0,0,0,0,0,0,0,0,0,0,0,0,0,0,0,0,0,0,0,0},
{0,0,0,0,0,0,0,0,0,0,0,0,0,0,0,0,0.0000449816*J1^1*Q^4+-0.0000310342*Q^5+0,0,-0.0000519403*J1^1*Q^4+0.0000358352*Q^5+0,0,0,0,0,0,-0.0000519403*J1^1*Q^4+0.0000358352*Q^5+0,0,0.0000599755*J1^1*Q^4+-0.0000413789*Q^5+0,0,0,0,0,0,0,0,0,0,0,0,0,0,0,0,0,0,0,0,0,0,0,0,0,0,0,0,0,0,0,0,0,0,0,0,0,0},
{0,0,0,0,0,0,0,0,0,0,0,0,0,0,0,0,0,0,0,0,0,0,0,0,0,0,0,0,0,0,0,0,0,0,0,0,0,0,0,0,0,0,0,0,0,0,0,0.0000449816*J1^1*Q^4+-0.0000310342*Q^5+0,0,0,0,0,0,0,0,0,0,0,0,0,0,0,0,0},
{0,0,0,0,0,0,0,0,0,0,0,0,0,0,0,0,0,0,0,0,0,0,0,0,0,0,0,0,0,0,0,0,0,0,0,0,0,0,0,0,0,0,0,0,0,0,-0.0000449816*J1^1*Q^4+0.0000310342*Q^5+0,0,0,0,0,0,0,0,0,0,0,0,0,0,0,0,0,0},
{0,0,0,0,0,0,0,0,0,0,0,0,0,0,0,0,0,0,0,0,0,0,0,0,0,0,0,0,0,0,0,0,0,0,0,0,0,0,0,0,0,0,0,0,0,0.0000449816*J1^1*Q^4+-0.0000310342*Q^5+0,0,-0.0000519403*J1^1*Q^4+0.0000358352*Q^5+0,0,0,0,0,0,0,0,0,0,0,0,0,0,0,0,0},
{0,0,0,0,0,0,0,0,0,0,0,0,0,0,0,0,0,0,0,0,0,0,0,0,0,0,0,0,0,0,0,0,0,0,0,0,0,0,0,0,0,0,0,0,-0.0000449816*J1^1*Q^4+0.0000310342*Q^5+0,0,0.0000519403*J1^1*Q^4+-0.0000358352*Q^5+0,0,0,0,0,0,0,0,0,0,0,0,0,0,0,0,0,0},
{0,0,0,0,0,0,0,0,0,0,0,0,0,0,0,0,0,0,0,0,0,0,0,0,0,0,0,0,0,0,0,0,0,0,0,0,0,0,0,0,0,0,0,-0.0000449816*J1^1*Q^4+0.0000310342*Q^5+0,0,0,0,0,0,0,0,0,0,0,0,0,0,0,0,0,0,0,0,0},
{0,0,0,0,0,0,0,0,0,0,0,0,0,0,0,0,0,0,0,0,0,0,0,0,0,0,0,0,0,0,0,0,0,0,0,0,0,0,0,0,0,0,0.0000449816*J1^1*Q^4+-0.0000310342*Q^5+0,0,0,0,0,0,0,0,0,0,0,0,0,0,0,0,0,0,0,0,0,0},
{0,0,0,0,0,0,0,0,0,0,0,0,0,0,0,0,0,0,0,0,0,0,0,0,0,0,0,0,0,0,0,0,0,0,0,0,0,0,0,0,0,-0.0000449816*J1^1*Q^4+0.0000310342*Q^5+0,0,0.0000519403*J1^1*Q^4+-0.0000358352*Q^5+0,0,0,0,0,0,0,0,0,0,0,0,0,0,0,0,0,0,0,0,0},
{0,0,0,0,0,0,0,0,0,0,0,0,0,0,0,0,0,0,0,0,0,0,0,0,0,0,0,0,0,0,0,0,0,0,0,0,0,0,0,0,0.0000449816*J1^1*Q^4+-0.0000310342*Q^5+0,0,-0.0000519403*J1^1*Q^4+0.0000358352*Q^5+0,0,0,0,0,0,0,0,0,0,0,0,0,0,0,0,0,0,0,0,0,0},
{0,0,0,0,0,0,0,0,0,0,0,0,0,0,0,0,0,0,0,0,0,0,0,0,0,0,0,0,0,0,0,0,0,0,0,0,0,0,0,0.0000449816*J1^1*Q^4+-0.0000310342*Q^5+0,0,0,0,0,0,0,0,-0.0000519403*J1^1*Q^4+0.0000358352*Q^5+0,0,0,0,0,0,0,0,0,0,0,0,0,0,0,0,0},
{0,0,0,0,0,0,0,0,0,0,0,0,0,0,0,0,0,0,0,0,0,0,0,0,0,0,0,0,0,0,0,0,0,0,0,0,0,0,-0.0000449816*J1^1*Q^4+0.0000310342*Q^5+0,0,0,0,0,0,0,0,0.0000519403*J1^1*Q^4+-0.0000358352*Q^5+0,0,0,0,0,0,0,0,0,0,0,0,0,0,0,0,0,0},
{0,0,0,0,0,0,0,0,0,0,0,0,0,0,0,0,0,0,0,0,0,0,0,0,0,0,0,0,0,0,0,0,0,0,0,0,0,0.0000449816*J1^1*Q^4+-0.0000310342*Q^5+0,0,-0.0000519403*J1^1*Q^4+0.0000358352*Q^5+0,0,0,0,0,0,-0.0000519403*J1^1*Q^4+0.0000358352*Q^5+0,0,0.0000599755*J1^1*Q^4+-0.0000413789*Q^5+0,0,0,0,0,0,0,0,0,0,0,0,0,0,0,0,0},
{0,0,0,0,0,0,0,0,0,0,0,0,0,0,0,0,0,0,0,0,0,0,0,0,0,0,0,0,0,0,0,0,0,0,0,0,-0.0000449816*J1^1*Q^4+0.0000310342*Q^5+0,0,0.0000519403*J1^1*Q^4+-0.0000358352*Q^5+0,0,0,0,0,0,0.0000519403*J1^1*Q^4+-0.0000358352*Q^5+0,0,-0.0000599755*J1^1*Q^4+0.0000413789*Q^5+0,0,0,0,0,0,0,0,0,0,0,0,0,0,0,0,0,0},
{0,0,0,0,0,0,0,0,0,0,0,0,0,0,0,0,0,0,0,0,0,0,0,0,0,0,0,0,0,0,0,0,0,0,0,-0.0000449816*J1^1*Q^4+0.0000310342*Q^5+0,0,0,0,0,0,0,0,0.0000519403*J1^1*Q^4+-0.0000358352*Q^5+0,0,0,0,0,0,0,0,0,0,0,0,0,0,0,0,0,0,0,0,0},
{0,0,0,0,0,0,0,0,0,0,0,0,0,0,0,0,0,0,0,0,0,0,0,0,0,0,0,0,0,0,0,0,0,0,0.0000449816*J1^1*Q^4+-0.0000310342*Q^5+0,0,0,0,0,0,0,0,-0.0000519403*J1^1*Q^4+0.0000358352*Q^5+0,0,0,0,0,0,0,0,0,0,0,0,0,0,0,0,0,0,0,0,0,0},
{0,0,0,0,0,0,0,0,0,0,0,0,0,0,0,0,0,0,0,0,0,0,0,0,0,0,0,0,0,0,0,0,0,-0.0000449816*J1^1*Q^4+0.0000310342*Q^5+0,0,0.0000519403*J1^1*Q^4+-0.0000358352*Q^5+0,0,0,0,0,0,0.0000519403*J1^1*Q^4+-0.0000358352*Q^5+0,0,-0.0000599755*J1^1*Q^4+0.0000413789*Q^5+0,0,0,0,0,0,0,0,0,0,0,0,0,0,0,0,0,0,0,0,0},
{0,0,0,0,0,0,0,0,0,0,0,0,0,0,0,0,0,0,0,0,0,0,0,0,0,0,0,0,0,0,0,0,0.0000449816*J1^1*Q^4+-0.0000310342*Q^5+0,0,-0.0000519403*J1^1*Q^4+0.0000358352*Q^5+0,0,0,0,0,0,-0.0000519403*J1^1*Q^4+0.0000358352*Q^5+0,0,0.0000599755*J1^1*Q^4+-0.0000413789*Q^5+0,0,0,0,0,0,0,0,0,0,0,0,0,0,0,0,0,0,0,0,0,0},
{0,0,0,0,0,0,0,0,0,0,0,0,0,0,0,0,0,0,0,0,0,0,0,0,0,0,0,0,0,0,0,0,0,0,0,0,0,0,0,0,0,0,0,0,0,0,0,0,0,0,0,0,0,0,0,0,0,0,0,0,0,0,0,0.0000449816*J1^1*Q^4+-0.0000310342*Q^5+0},
{0,0,0,0,0,0,0,0,0,0,0,0,0,0,0,0,0,0,0,0,0,0,0,0,0,0,0,0,0,0,0,0,0,0,0,0,0,0,0,0,0,0,0,0,0,0,0,0,0,0,0,0,0,0,0,0,0,0,0,0,0,0,-0.0000449816*J1^1*Q^4+0.0000310342*Q^5+0,0},
{0,0,0,0,0,0,0,0,0,0,0,0,0,0,0,0,0,0,0,0,0,0,0,0,0,0,0,0,0,0,0,0,0,0,0,0,0,0,0,0,0,0,0,0,0,0,0,0,0,0,0,0,0,0,0,0,0,0,0,0,0,0.0000449816*J1^1*Q^4+-0.0000310342*Q^5+0,0,-0.0000519403*J1^1*Q^4+0.0000358352*Q^5+0},
{0,0,0,0,0,0,0,0,0,0,0,0,0,0,0,0,0,0,0,0,0,0,0,0,0,0,0,0,0,0,0,0,0,0,0,0,0,0,0,0,0,0,0,0,0,0,0,0,0,0,0,0,0,0,0,0,0,0,0,0,-0.0000449816*J1^1*Q^4+0.0000310342*Q^5+0,0,0.0000519403*J1^1*Q^4+-0.0000358352*Q^5+0,0},
{0,0,0,0,0,0,0,0,0,0,0,0,0,0,0,0,0,0,0,0,0,0,0,0,0,0,0,0,0,0,0,0,0,0,0,0,0,0,0,0,0,0,0,0,0,0,0,0,0,0,0,0,0,0,0,0,0,0,0,-0.0000449816*J1^1*Q^4+0.0000310342*Q^5+0,0,0,0,0},
{0,0,0,0,0,0,0,0,0,0,0,0,0,0,0,0,0,0,0,0,0,0,0,0,0,0,0,0,0,0,0,0,0,0,0,0,0,0,0,0,0,0,0,0,0,0,0,0,0,0,0,0,0,0,0,0,0,0,0.0000449816*J1^1*Q^4+-0.0000310342*Q^5+0,0,0,0,0,0},
{0,0,0,0,0,0,0,0,0,0,0,0,0,0,0,0,0,0,0,0,0,0,0,0,0,0,0,0,0,0,0,0,0,0,0,0,0,0,0,0,0,0,0,0,0,0,0,0,0,0,0,0,0,0,0,0,0,-0.0000449816*J1^1*Q^4+0.0000310342*Q^5+0,0,0.0000519403*J1^1*Q^4+-0.0000358352*Q^5+0,0,0,0,0},
{0,0,0,0,0,0,0,0,0,0,0,0,0,0,0,0,0,0,0,0,0,0,0,0,0,0,0,0,0,0,0,0,0,0,0,0,0,0,0,0,0,0,0,0,0,0,0,0,0,0,0,0,0,0,0,0,0.0000449816*J1^1*Q^4+-0.0000310342*Q^5+0,0,-0.0000519403*J1^1*Q^4+0.0000358352*Q^5+0,0,0,0,0,0},
{0,0,0,0,0,0,0,0,0,0,0,0,0,0,0,0,0,0,0,0,0,0,0,0,0,0,0,0,0,0,0,0,0,0,0,0,0,0,0,0,0,0,0,0,0,0,0,0,0,0,0,0,0,0,0,0.0000449816*J1^1*Q^4+-0.0000310342*Q^5+0,0,0,0,0,0,0,0,-0.0000519403*J1^1*Q^4+0.0000358352*Q^5+0},
{0,0,0,0,0,0,0,0,0,0,0,0,0,0,0,0,0,0,0,0,0,0,0,0,0,0,0,0,0,0,0,0,0,0,0,0,0,0,0,0,0,0,0,0,0,0,0,0,0,0,0,0,0,0,-0.0000449816*J1^1*Q^4+0.0000310342*Q^5+0,0,0,0,0,0,0,0,0.0000519403*J1^1*Q^4+-0.0000358352*Q^5+0,0},
{0,0,0,0,0,0,0,0,0,0,0,0,0,0,0,0,0,0,0,0,0,0,0,0,0,0,0,0,0,0,0,0,0,0,0,0,0,0,0,0,0,0,0,0,0,0,0,0,0,0,0,0,0,0.0000449816*J1^1*Q^4+-0.0000310342*Q^5+0,0,-0.0000519403*J1^1*Q^4+0.0000358352*Q^5+0,0,0,0,0,0,-0.0000519403*J1^1*Q^4+0.0000358352*Q^5+0,0,0.0000599755*J1^1*Q^4+-0.0000413789*Q^5+0},
{0,0,0,0,0,0,0,0,0,0,0,0,0,0,0,0,0,0,0,0,0,0,0,0,0,0,0,0,0,0,0,0,0,0,0,0,0,0,0,0,0,0,0,0,0,0,0,0,0,0,0,0,-0.0000449816*J1^1*Q^4+0.0000310342*Q^5+0,0,0.0000519403*J1^1*Q^4+-0.0000358352*Q^5+0,0,0,0,0,0,0.0000519403*J1^1*Q^4+-0.0000358352*Q^5+0,0,-0.0000599755*J1^1*Q^4+0.0000413789*Q^5+0,0},
{0,0,0,0,0,0,0,0,0,0,0,0,0,0,0,0,0,0,0,0,0,0,0,0,0,0,0,0,0,0,0,0,0,0,0,0,0,0,0,0,0,0,0,0,0,0,0,0,0,0,0,-0.0000449816*J1^1*Q^4+0.0000310342*Q^5+0,0,0,0,0,0,0,0,0.0000519403*J1^1*Q^4+-0.0000358352*Q^5+0,0,0,0,0},
{0,0,0,0,0,0,0,0,0,0,0,0,0,0,0,0,0,0,0,0,0,0,0,0,0,0,0,0,0,0,0,0,0,0,0,0,0,0,0,0,0,0,0,0,0,0,0,0,0,0,0.0000449816*J1^1*Q^4+-0.0000310342*Q^5+0,0,0,0,0,0,0,0,-0.0000519403*J1^1*Q^4+0.0000358352*Q^5+0,0,0,0,0,0},
{0,0,0,0,0,0,0,0,0,0,0,0,0,0,0,0,0,0,0,0,0,0,0,0,0,0,0,0,0,0,0,0,0,0,0,0,0,0,0,0,0,0,0,0,0,0,0,0,0,-0.0000449816*J1^1*Q^4+0.0000310342*Q^5+0,0,0.0000519403*J1^1*Q^4+-0.0000358352*Q^5+0,0,0,0,0,0,0.0000519403*J1^1*Q^4+-0.0000358352*Q^5+0,0,-0.0000599755*J1^1*Q^4+0.0000413789*Q^5+0,0,0,0,0},
{0,0,0,0,0,0,0,0,0,0,0,0,0,0,0,0,0,0,0,0,0,0,0,0,0,0,0,0,0,0,0,0,0,0,0,0,0,0,0,0,0,0,0,0,0,0,0,0,0.0000449816*J1^1*Q^4+-0.0000310342*Q^5+0,0,-0.0000519403*J1^1*Q^4+0.0000358352*Q^5+0,0,0,0,0,0,-0.0000519403*J1^1*Q^4+0.0000358352*Q^5+0,0,0.0000599755*J1^1*Q^4+-0.0000413789*Q^5+0,0,0,0,0,0}
}