32
{{0,0,0,0,0,0,0,0,0,0,0,0,0,0,0,0,0,0,0,0,0,0.0000125614*J1^2*Q^3+-0.0000217060*J1^1*Q^4+0.0000102214*Q^5+0,0.0001198176*J1^2*Q^3+0.0000993229*J1^1*Q^4+-0.0000323193*Q^5+0,-0.0000730788*J1^2*Q^3+0.0000056037*J1^1*Q^4+0.0000447430*Q^5+0,0,0,0,0,0,0,0,0},
{0,0,0,0,0,0,0,0,0,0,0,0,0,0,0,0,0,0,0,0,0.0000125614*J1^2*Q^3+-0.0000217060*J1^1*Q^4+0.0000102214*Q^5+0,-0.0000145047*J1^2*Q^3+0.0000250640*J1^1*Q^4+-0.0000118026*Q^5+0,-0.0000730788*J1^2*Q^3+0.0000056037*J1^1*Q^4+0.0000447430*Q^5+0,0.0002042017*J1^2*Q^3+0.0000928522*J1^1*Q^4+-0.0000839841*Q^5+0,0,0,0,0,0,0,0,0},
{0,0,0,0,0,0,0,0,0,0,0,0,0,0,0,0,0,0,0,0,-0.0001198176*J1^2*Q^3+-0.0000993229*J1^1*Q^4+0.0000323193*Q^5+0,0.0000585741*J1^2*Q^3+0.0000194603*J1^1*Q^4+-0.0000565456*Q^5+0,0,-0.0000125614*J1^2*Q^3+0.0000217060*J1^1*Q^4+-0.0000102214*Q^5+0,0,0,0,0,0,0,0,0},
{0,0,0,0,0,0,0,0,0,0,0,0,0,0,0,0,0,0,0,0,0.0000585741*J1^2*Q^3+0.0000194603*J1^1*Q^4+-0.0000565456*Q^5+0,-0.0001874532*J1^2*Q^3+-0.0001217936*J1^1*Q^4+0.0000976126*Q^5+0,-0.0000125614*J1^2*Q^3+0.0000217060*J1^1*Q^4+-0.0000102214*Q^5+0,0.0000145047*J1^2*Q^3+-0.0000250640*J1^1*Q^4+0.0000118026*Q^5+0,0,0,0,0,0,0,0,0},
{0,0,0,0,0,0,0,0,0,0,0,0,0,0,0,0,0,0.0000125614*J1^2*Q^3+-0.0000217060*J1^1*Q^4+0.0000102214*Q^5+0,0.0001198176*J1^2*Q^3+0.0000993229*J1^1*Q^4+-0.0000323193*Q^5+0,-0.0000730788*J1^2*Q^3+0.0000056037*J1^1*Q^4+0.0000447430*Q^5+0,0,-0.0000145047*J1^2*Q^3+0.0000250640*J1^1*Q^4+-0.0000118026*Q^5+0,-0.0001383534*J1^2*Q^3+-0.0001146882*J1^1*Q^4+0.0000373191*Q^5+0,0.0000843842*J1^2*Q^3+-0.0000064706*J1^1*Q^4+-0.0000516648*Q^5+0,0,0,0,0,0,0,0,0},
{0,0,0,0,0,0,0,0,0,0,0,0,0,0,0,0,0.0000125614*J1^2*Q^3+-0.0000217060*J1^1*Q^4+0.0000102214*Q^5+0,-0.0000145047*J1^2*Q^3+0.0000250640*J1^1*Q^4+-0.0000118026*Q^5+0,-0.0000730788*J1^2*Q^3+0.0000056037*J1^1*Q^4+0.0000447430*Q^5+0,0.0002042017*J1^2*Q^3+0.0000928522*J1^1*Q^4+-0.0000839841*Q^5+0,-0.0000145047*J1^2*Q^3+0.0000250640*J1^1*Q^4+-0.0000118026*Q^5+0,0.0000167486*J1^2*Q^3+-0.0000289414*J1^1*Q^4+0.0000136285*Q^5+0,0.0000843842*J1^2*Q^3+-0.0000064706*J1^1*Q^4+-0.0000516648*Q^5+0,-0.0002357919*J1^2*Q^3+-0.0001072165*J1^1*Q^4+0.0000969765*Q^5+0,0,0,0,0,0,0,0,0},
{0,0,0,0,0,0,0,0,0,0,0,0,0,0,0,0,-0.0001198176*J1^2*Q^3+-0.0000993229*J1^1*Q^4+0.0000323193*Q^5+0,0.0000585741*J1^2*Q^3+0.0000194603*J1^1*Q^4+-0.0000565456*Q^5+0,0,-0.0000125614*J1^2*Q^3+0.0000217060*J1^1*Q^4+-0.0000102214*Q^5+0,0.0001383534*J1^2*Q^3+0.0001146882*J1^1*Q^4+-0.0000373191*Q^5+0,-0.0000676356*J1^2*Q^3+-0.0000224708*J1^1*Q^4+0.0000652932*Q^5+0,0,0.0000145047*J1^2*Q^3+-0.0000250640*J1^1*Q^4+0.0000118026*Q^5+0,0,0,0,0,0,0,0,0},
{0,0,0,0,0,0,0,0,0,0,0,0,0,0,0,0,0.0000585741*J1^2*Q^3+0.0000194603*J1^1*Q^4+-0.0000565456*Q^5+0,-0.0001874532*J1^2*Q^3+-0.0001217936*J1^1*Q^4+0.0000976126*Q^5+0,-0.0000125614*J1^2*Q^3+0.0000217060*J1^1*Q^4+-0.0000102214*Q^5+0,0.0000145047*J1^2*Q^3+-0.0000250640*J1^1*Q^4+0.0000118026*Q^5+0,-0.0000676356*J1^2*Q^3+-0.0000224708*J1^1*Q^4+0.0000652932*Q^5+0,0.0002164523*J1^2*Q^3+0.0001406352*J1^1*Q^4+-0.0001127133*Q^5+0,0.0000145047*J1^2*Q^3+-0.0000250640*J1^1*Q^4+0.0000118026*Q^5+0,-0.0000167486*J1^2*Q^3+0.0000289414*J1^1*Q^4+-0.0000136285*Q^5+0,0,0,0,0,0,0,0,0},
{0,0,0,0,0,0,0,0,0,0,0,0,0,0,0,0,0,0,0,0,0,0,0,0,0,0,0,0,0,0.0000125614*J1^2*Q^3+-0.0000217060*J1^1*Q^4+0.0000102214*Q^5+0,0.0001198176*J1^2*Q^3+0.0000993229*J1^1*Q^4+-0.0000323193*Q^5+0,-0.0000730788*J1^2*Q^3+0.0000056037*J1^1*Q^4+0.0000447430*Q^5+0},
{0,0,0,0,0,0,0,0,0,0,0,0,0,0,0,0,0,0,0,0,0,0,0,0,0,0,0,0,0.0000125614*J1^2*Q^3+-0.0000217060*J1^1*Q^4+0.0000102214*Q^5+0,-0.0000145047*J1^2*Q^3+0.0000250640*J1^1*Q^4+-0.0000118026*Q^5+0,-0.0000730788*J1^2*Q^3+0.0000056037*J1^1*Q^4+0.0000447430*Q^5+0,0.0002042017*J1^2*Q^3+0.0000928522*J1^1*Q^4+-0.0000839841*Q^5+0},
{0,0,0,0,0,0,0,0,0,0,0,0,0,0,0,0,0,0,0,0,0,0,0,0,0,0,0,0,-0.0001198176*J1^2*Q^3+-0.0000993229*J1^1*Q^4+0.0000323193*Q^5+0,0.0000585741*J1^2*Q^3+0.0000194603*J1^1*Q^4+-0.0000565456*Q^5+0,0,-0.0000125614*J1^2*Q^3+0.0000217060*J1^1*Q^4+-0.0000102214*Q^5+0},
{0,0,0,0,0,0,0,0,0,0,0,0,0,0,0,0,0,0,0,0,0,0,0,0,0,0,0,0,0.0000585741*J1^2*Q^3+0.0000194603*J1^1*Q^4+-0.0000565456*Q^5+0,-0.0001874532*J1^2*Q^3+-0.0001217936*J1^1*Q^4+0.0000976126*Q^5+0,-0.0000125614*J1^2*Q^3+0.0000217060*J1^1*Q^4+-0.0000102214*Q^5+0,0.0000145047*J1^2*Q^3+-0.0000250640*J1^1*Q^4+0.0000118026*Q^5+0},
{0,0,0,0,0,0,0,0,0,0,0,0,0,0,0,0,0,0,0,0,0,0,0,0,0,0.0000125614*J1^2*Q^3+-0.0000217060*J1^1*Q^4+0.0000102214*Q^5+0,0.0001198176*J1^2*Q^3+0.0000993229*J1^1*Q^4+-0.0000323193*Q^5+0,-0.0000730788*J1^2*Q^3+0.0000056037*J1^1*Q^4+0.0000447430*Q^5+0,0,-0.0000145047*J1^2*Q^3+0.0000250640*J1^1*Q^4+-0.0000118026*Q^5+0,-0.0001383534*J1^2*Q^3+-0.0001146882*J1^1*Q^4+0.0000373191*Q^5+0,0.0000843842*J1^2*Q^3+-0.0000064706*J1^1*Q^4+-0.0000516648*Q^5+0},
{0,0,0,0,0,0,0,0,0,0,0,0,0,0,0,0,0,0,0,0,0,0,0,0,0.0000125614*J1^2*Q^3+-0.0000217060*J1^1*Q^4+0.0000102214*Q^5+0,-0.0000145047*J1^2*Q^3+0.0000250640*J1^1*Q^4+-0.0000118026*Q^5+0,-0.0000730788*J1^2*Q^3+0.0000056037*J1^1*Q^4+0.0000447430*Q^5+0,0.0002042017*J1^2*Q^3+0.0000928522*J1^1*Q^4+-0.0000839841*Q^5+0,-0.0000145047*J1^2*Q^3+0.0000250640*J1^1*Q^4+-0.0000118026*Q^5+0,0.0000167486*J1^2*Q^3+-0.0000289414*J1^1*Q^4+0.0000136285*Q^5+0,0.0000843842*J1^2*Q^3+-0.0000064706*J1^1*Q^4+-0.0000516648*Q^5+0,-0.0002357919*J1^2*Q^3+-0.0001072165*J1^1*Q^4+0.0000969765*Q^5+0},
{0,0,0,0,0,0,0,0,0,0,0,0,0,0,0,0,0,0,0,0,0,0,0,0,-0.0001198176*J1^2*Q^3+-0.0000993229*J1^1*Q^4+0.0000323193*Q^5+0,0.0000585741*J1^2*Q^3+0.0000194603*J1^1*Q^4+-0.0000565456*Q^5+0,0,-0.0000125614*J1^2*Q^3+0.0000217060*J1^1*Q^4+-0.0000102214*Q^5+0,0.0001383534*J1^2*Q^3+0.0001146882*J1^1*Q^4+-0.0000373191*Q^5+0,-0.0000676356*J1^2*Q^3+-0.0000224708*J1^1*Q^4+0.0000652932*Q^5+0,0,0.0000145047*J1^2*Q^3+-0.0000250640*J1^1*Q^4+0.0000118026*Q^5+0},
{0,0,0,0,0,0,0,0,0,0,0,0,0,0,0,0,0,0,0,0,0,0,0,0,0.0000585741*J1^2*Q^3+0.0000194603*J1^1*Q^4+-0.0000565456*Q^5+0,-0.0001874532*J1^2*Q^3+-0.0001217936*J1^1*Q^4+0.0000976126*Q^5+0,-0.0000125614*J1^2*Q^3+0.0000217060*J1^1*Q^4+-0.0000102214*Q^5+0,0.0000145047*J1^2*Q^3+-0.0000250640*J1^1*Q^4+0.0000118026*Q^5+0,-0.0000676356*J1^2*Q^3+-0.0000224708*J1^1*Q^4+0.0000652932*Q^5+0,0.0002164523*J1^2*Q^3+0.0001406352*J1^1*Q^4+-0.0001127133*Q^5+0,0.0000145047*J1^2*Q^3+-0.0000250640*J1^1*Q^4+0.0000118026*Q^5+0,-0.0000167486*J1^2*Q^3+0.0000289414*J1^1*Q^4+-0.0000136285*Q^5+0},
{0,0,0,0,0,0.0000125614*J1^2*Q^3+-0.0000217060*J1^1*Q^4+0.0000102214*Q^5+0,0.0001198176*J1^2*Q^3+0.0000993229*J1^1*Q^4+-0.0000323193*Q^5+0,-0.0000730788*J1^2*Q^3+0.0000056037*J1^1*Q^4+0.0000447430*Q^5+0,0,0,0,0,0,0,0,0,0,0,0,0,0,0.0000145047*J1^2*Q^3+-0.0000250640*J1^1*Q^4+0.0000118026*Q^5+0,0.0001383534*J1^2*Q^3+0.0001146882*J1^1*Q^4+-0.0000373191*Q^5+0,-0.0000843842*J1^2*Q^3+0.0000064706*J1^1*Q^4+0.0000516648*Q^5+0,0,0,0,0,0,0,0,0},
{0,0,0,0,0.0000125614*J1^2*Q^3+-0.0000217060*J1^1*Q^4+0.0000102214*Q^5+0,-0.0000145047*J1^2*Q^3+0.0000250640*J1^1*Q^4+-0.0000118026*Q^5+0,-0.0000730788*J1^2*Q^3+0.0000056037*J1^1*Q^4+0.0000447430*Q^5+0,0.0002042017*J1^2*Q^3+0.0000928522*J1^1*Q^4+-0.0000839841*Q^5+0,0,0,0,0,0,0,0,0,0,0,0,0,0.0000145047*J1^2*Q^3+-0.0000250640*J1^1*Q^4+0.0000118026*Q^5+0,-0.0000167486*J1^2*Q^3+0.0000289414*J1^1*Q^4+-0.0000136285*Q^5+0,-0.0000843842*J1^2*Q^3+0.0000064706*J1^1*Q^4+0.0000516648*Q^5+0,0.0002357919*J1^2*Q^3+0.0001072165*J1^1*Q^4+-0.0000969765*Q^5+0,0,0,0,0,0,0,0,0},
{0,0,0,0,-0.0001198176*J1^2*Q^3+-0.0000993229*J1^1*Q^4+0.0000323193*Q^5+0,0.0000585741*J1^2*Q^3+0.0000194603*J1^1*Q^4+-0.0000565456*Q^5+0,0,-0.0000125614*J1^2*Q^3+0.0000217060*J1^1*Q^4+-0.0000102214*Q^5+0,0,0,0,0,0,0,0,0,0,0,0,0,-0.0001383534*J1^2*Q^3+-0.0001146882*J1^1*Q^4+0.0000373191*Q^5+0,0.0000676356*J1^2*Q^3+0.0000224708*J1^1*Q^4+-0.0000652932*Q^5+0,0,-0.0000145047*J1^2*Q^3+0.0000250640*J1^1*Q^4+-0.0000118026*Q^5+0,0,0,0,0,0,0,0,0},
{0,0,0,0,0.0000585741*J1^2*Q^3+0.0000194603*J1^1*Q^4+-0.0000565456*Q^5+0,-0.0001874532*J1^2*Q^3+-0.0001217936*J1^1*Q^4+0.0000976126*Q^5+0,-0.0000125614*J1^2*Q^3+0.0000217060*J1^1*Q^4+-0.0000102214*Q^5+0,0.0000145047*J1^2*Q^3+-0.0000250640*J1^1*Q^4+0.0000118026*Q^5+0,0,0,0,0,0,0,0,0,0,0,0,0,0.0000676356*J1^2*Q^3+0.0000224708*J1^1*Q^4+-0.0000652932*Q^5+0,-0.0002164523*J1^2*Q^3+-0.0001406352*J1^1*Q^4+0.0001127133*Q^5+0,-0.0000145047*J1^2*Q^3+0.0000250640*J1^1*Q^4+-0.0000118026*Q^5+0,0.0000167486*J1^2*Q^3+-0.0000289414*J1^1*Q^4+0.0000136285*Q^5+0,0,0,0,0,0,0,0,0},
{0,0.0000125614*J1^2*Q^3+-0.0000217060*J1^1*Q^4+0.0000102214*Q^5+0,0.0001198176*J1^2*Q^3+0.0000993229*J1^1*Q^4+-0.0000323193*Q^5+0,-0.0000730788*J1^2*Q^3+0.0000056037*J1^1*Q^4+0.0000447430*Q^5+0,0,-0.0000145047*J1^2*Q^3+0.0000250640*J1^1*Q^4+-0.0000118026*Q^5+0,-0.0001383534*J1^2*Q^3+-0.0001146882*J1^1*Q^4+0.0000373191*Q^5+0,0.0000843842*J1^2*Q^3+-0.0000064706*J1^1*Q^4+-0.0000516648*Q^5+0,0,0,0,0,0,0,0,0,0,0.0000145047*J1^2*Q^3+-0.0000250640*J1^1*Q^4+0.0000118026*Q^5+0,0.0001383534*J1^2*Q^3+0.0001146882*J1^1*Q^4+-0.0000373191*Q^5+0,-0.0000843842*J1^2*Q^3+0.0000064706*J1^1*Q^4+0.0000516648*Q^5+0,0,-0.0000167486*J1^2*Q^3+0.0000289414*J1^1*Q^4+-0.0000136285*Q^5+0,-0.0001597568*J1^2*Q^3+-0.0001324305*J1^1*Q^4+0.0000430924*Q^5+0,0.0000974384*J1^2*Q^3+-0.0000074716*J1^1*Q^4+-0.0000596573*Q^5+0,0,0,0,0,0,0,0,0},
{0.0000125614*J1^2*Q^3+-0.0000217060*J1^1*Q^4+0.0000102214*Q^5+0,-0.0000145047*J1^2*Q^3+0.0000250640*J1^1*Q^4+-0.0000118026*Q^5+0,-0.0000730788*J1^2*Q^3+0.0000056037*J1^1*Q^4+0.0000447430*Q^5+0,0.0002042017*J1^2*Q^3+0.0000928522*J1^1*Q^4+-0.0000839841*Q^5+0,-0.0000145047*J1^2*Q^3+0.0000250640*J1^1*Q^4+-0.0000118026*Q^5+0,0.0000167486*J1^2*Q^3+-0.0000289414*J1^1*Q^4+0.0000136285*Q^5+0,0.0000843842*J1^2*Q^3+-0.0000064706*J1^1*Q^4+-0.0000516648*Q^5+0,-0.0002357919*J1^2*Q^3+-0.0001072165*J1^1*Q^4+0.0000969765*Q^5+0,0,0,0,0,0,0,0,0,0.0000145047*J1^2*Q^3+-0.0000250640*J1^1*Q^4+0.0000118026*Q^5+0,-0.0000167486*J1^2*Q^3+0.0000289414*J1^1*Q^4+-0.0000136285*Q^5+0,-0.0000843842*J1^2*Q^3+0.0000064706*J1^1*Q^4+0.0000516648*Q^5+0,0.0002357919*J1^2*Q^3+0.0001072165*J1^1*Q^4+-0.0000969765*Q^5+0,-0.0000167486*J1^2*Q^3+0.0000289414*J1^1*Q^4+-0.0000136285*Q^5+0,0.0000193396*J1^2*Q^3+-0.0000334186*J1^1*Q^4+0.0000157368*Q^5+0,0.0000974384*J1^2*Q^3+-0.0000074716*J1^1*Q^4+-0.0000596573*Q^5+0,-0.0002722690*J1^2*Q^3+-0.0001238030*J1^1*Q^4+0.0001119788*Q^5+0,0,0,0,0,0,0,0,0},
{-0.0001198176*J1^2*Q^3+-0.0000993229*J1^1*Q^4+0.0000323193*Q^5+0,0.0000585741*J1^2*Q^3+0.0000194603*J1^1*Q^4+-0.0000565456*Q^5+0,0,-0.0000125614*J1^2*Q^3+0.0000217060*J1^1*Q^4+-0.0000102214*Q^5+0,0.0001383534*J1^2*Q^3+0.0001146882*J1^1*Q^4+-0.0000373191*Q^5+0,-0.0000676356*J1^2*Q^3+-0.0000224708*J1^1*Q^4+0.0000652932*Q^5+0,0,0.0000145047*J1^2*Q^3+-0.0000250640*J1^1*Q^4+0.0000118026*Q^5+0,0,0,0,0,0,0,0,0,-0.0001383534*J1^2*Q^3+-0.0001146882*J1^1*Q^4+0.0000373191*Q^5+0,0.0000676356*J1^2*Q^3+0.0000224708*J1^1*Q^4+-0.0000652932*Q^5+0,0,-0.0000145047*J1^2*Q^3+0.0000250640*J1^1*Q^4+-0.0000118026*Q^5+0,0.0001597568*J1^2*Q^3+0.0001324305*J1^1*Q^4+-0.0000430924*Q^5+0,-0.0000780989*J1^2*Q^3+-0.0000259470*J1^1*Q^4+0.0000753941*Q^5+0,0,0.0000167486*J1^2*Q^3+-0.0000289414*J1^1*Q^4+0.0000136285*Q^5+0,0,0,0,0,0,0,0,0},
{0.0000585741*J1^2*Q^3+0.0000194603*J1^1*Q^4+-0.0000565456*Q^5+0,-0.0001874532*J1^2*Q^3+-0.0001217936*J1^1*Q^4+0.0000976126*Q^5+0,-0.0000125614*J1^2*Q^3+0.0000217060*J1^1*Q^4+-0.0000102214*Q^5+0,0.0000145047*J1^2*Q^3+-0.0000250640*J1^1*Q^4+0.0000118026*Q^5+0,-0.0000676356*J1^2*Q^3+-0.0000224708*J1^1*Q^4+0.0000652932*Q^5+0,0.0002164523*J1^2*Q^3+0.0001406352*J1^1*Q^4+-0.0001127133*Q^5+0,0.0000145047*J1^2*Q^3+-0.0000250640*J1^1*Q^4+0.0000118026*Q^5+0,-0.0000167486*J1^2*Q^3+0.0000289414*J1^1*Q^4+-0.0000136285*Q^5+0,0,0,0,0,0,0,0,0,0.0000676356*J1^2*Q^3+0.0000224708*J1^1*Q^4+-0.0000652932*Q^5+0,-0.0002164523*J1^2*Q^3+-0.0001406352*J1^1*Q^4+0.0001127133*Q^5+0,-0.0000145047*J1^2*Q^3+0.0000250640*J1^1*Q^4+-0.0000118026*Q^5+0,0.0000167486*J1^2*Q^3+-0.0000289414*J1^1*Q^4+0.0000136285*Q^5+0,-0.0000780989*J1^2*Q^3+-0.0000259470*J1^1*Q^4+0.0000753941*Q^5+0,0.0002499376*J1^2*Q^3+0.0001623915*J1^1*Q^4+-0.0001301501*Q^5+0,0.0000167486*J1^2*Q^3+-0.0000289414*J1^1*Q^4+0.0000136285*Q^5+0,-0.0000193396*J1^2*Q^3+0.0000334186*J1^1*Q^4+-0.0000157368*Q^5+0,0,0,0,0,0,0,0,0},
{0,0,0,0,0,0,0,0,0,0,0,0,0,0.0000125614*J1^2*Q^3+-0.0000217060*J1^1*Q^4+0.0000102214*Q^5+0,0.0001198176*J1^2*Q^3+0.0000993229*J1^1*Q^4+-0.0000323193*Q^5+0,-0.0000730788*J1^2*Q^3+0.0000056037*J1^1*Q^4+0.0000447430*Q^5+0,0,0,0,0,0,0,0,0,0,0,0,0,0,0.0000145047*J1^2*Q^3+-0.0000250640*J1^1*Q^4+0.0000118026*Q^5+0,0.0001383534*J1^2*Q^3+0.0001146882*J1^1*Q^4+-0.0000373191*Q^5+0,-0.0000843842*J1^2*Q^3+0.0000064706*J1^1*Q^4+0.0000516648*Q^5+0},
{0,0,0,0,0,0,0,0,0,0,0,0,0.0000125614*J1^2*Q^3+-0.0000217060*J1^1*Q^4+0.0000102214*Q^5+0,-0.0000145047*J1^2*Q^3+0.0000250640*J1^1*Q^4+-0.0000118026*Q^5+0,-0.0000730788*J1^2*Q^3+0.0000056037*J1^1*Q^4+0.0000447430*Q^5+0,0.0002042017*J1^2*Q^3+0.0000928522*J1^1*Q^4+-0.0000839841*Q^5+0,0,0,0,0,0,0,0,0,0,0,0,0,0.0000145047*J1^2*Q^3+-0.0000250640*J1^1*Q^4+0.0000118026*Q^5+0,-0.0000167486*J1^2*Q^3+0.0000289414*J1^1*Q^4+-0.0000136285*Q^5+0,-0.0000843842*J1^2*Q^3+0.0000064706*J1^1*Q^4+0.0000516648*Q^5+0,0.0002357919*J1^2*Q^3+0.0001072165*J1^1*Q^4+-0.0000969765*Q^5+0},
{0,0,0,0,0,0,0,0,0,0,0,0,-0.0001198176*J1^2*Q^3+-0.0000993229*J1^1*Q^4+0.0000323193*Q^5+0,0.0000585741*J1^2*Q^3+0.0000194603*J1^1*Q^4+-0.0000565456*Q^5+0,0,-0.0000125614*J1^2*Q^3+0.0000217060*J1^1*Q^4+-0.0000102214*Q^5+0,0,0,0,0,0,0,0,0,0,0,0,0,-0.0001383534*J1^2*Q^3+-0.0001146882*J1^1*Q^4+0.0000373191*Q^5+0,0.0000676356*J1^2*Q^3+0.0000224708*J1^1*Q^4+-0.0000652932*Q^5+0,0,-0.0000145047*J1^2*Q^3+0.0000250640*J1^1*Q^4+-0.0000118026*Q^5+0},
{0,0,0,0,0,0,0,0,0,0,0,0,0.0000585741*J1^2*Q^3+0.0000194603*J1^1*Q^4+-0.0000565456*Q^5+0,-0.0001874532*J1^2*Q^3+-0.0001217936*J1^1*Q^4+0.0000976126*Q^5+0,-0.0000125614*J1^2*Q^3+0.0000217060*J1^1*Q^4+-0.0000102214*Q^5+0,0.0000145047*J1^2*Q^3+-0.0000250640*J1^1*Q^4+0.0000118026*Q^5+0,0,0,0,0,0,0,0,0,0,0,0,0,0.0000676356*J1^2*Q^3+0.0000224708*J1^1*Q^4+-0.0000652932*Q^5+0,-0.0002164523*J1^2*Q^3+-0.0001406352*J1^1*Q^4+0.0001127133*Q^5+0,-0.0000145047*J1^2*Q^3+0.0000250640*J1^1*Q^4+-0.0000118026*Q^5+0,0.0000167486*J1^2*Q^3+-0.0000289414*J1^1*Q^4+0.0000136285*Q^5+0},
{0,0,0,0,0,0,0,0,0,0.0000125614*J1^2*Q^3+-0.0000217060*J1^1*Q^4+0.0000102214*Q^5+0,0.0001198176*J1^2*Q^3+0.0000993229*J1^1*Q^4+-0.0000323193*Q^5+0,-0.0000730788*J1^2*Q^3+0.0000056037*J1^1*Q^4+0.0000447430*Q^5+0,0,-0.0000145047*J1^2*Q^3+0.0000250640*J1^1*Q^4+-0.0000118026*Q^5+0,-0.0001383534*J1^2*Q^3+-0.0001146882*J1^1*Q^4+0.0000373191*Q^5+0,0.0000843842*J1^2*Q^3+-0.0000064706*J1^1*Q^4+-0.0000516648*Q^5+0,0,0,0,0,0,0,0,0,0,0.0000145047*J1^2*Q^3+-0.0000250640*J1^1*Q^4+0.0000118026*Q^5+0,0.0001383534*J1^2*Q^3+0.0001146882*J1^1*Q^4+-0.0000373191*Q^5+0,-0.0000843842*J1^2*Q^3+0.0000064706*J1^1*Q^4+0.0000516648*Q^5+0,0,-0.0000167486*J1^2*Q^3+0.0000289414*J1^1*Q^4+-0.0000136285*Q^5+0,-0.0001597568*J1^2*Q^3+-0.0001324305*J1^1*Q^4+0.0000430924*Q^5+0,0.0000974384*J1^2*Q^3+-0.0000074716*J1^1*Q^4+-0.0000596573*Q^5+0},
{0,0,0,0,0,0,0,0,0.0000125614*J1^2*Q^3+-0.0000217060*J1^1*Q^4+0.0000102214*Q^5+0,-0.0000145047*J1^2*Q^3+0.0000250640*J1^1*Q^4+-0.0000118026*Q^5+0,-0.0000730788*J1^2*Q^3+0.0000056037*J1^1*Q^4+0.0000447430*Q^5+0,0.0002042017*J1^2*Q^3+0.0000928522*J1^1*Q^4+-0.0000839841*Q^5+0,-0.0000145047*J1^2*Q^3+0.0000250640*J1^1*Q^4+-0.0000118026*Q^5+0,0.0000167486*J1^2*Q^3+-0.0000289414*J1^1*Q^4+0.0000136285*Q^5+0,0.0000843842*J1^2*Q^3+-0.0000064706*J1^1*Q^4+-0.0000516648*Q^5+0,-0.0002357919*J1^2*Q^3+-0.0001072165*J1^1*Q^4+0.0000969765*Q^5+0,0,0,0,0,0,0,0,0,0.0000145047*J1^2*Q^3+-0.0000250640*J1^1*Q^4+0.0000118026*Q^5+0,-0.0000167486*J1^2*Q^3+0.0000289414*J1^1*Q^4+-0.0000136285*Q^5+0,-0.0000843842*J1^2*Q^3+0.0000064706*J1^1*Q^4+0.0000516648*Q^5+0,0.0002357919*J1^2*Q^3+0.0001072165*J1^1*Q^4+-0.0000969765*Q^5+0,-0.0000167486*J1^2*Q^3+0.0000289414*J1^1*Q^4+-0.0000136285*Q^5+0,0.0000193396*J1^2*Q^3+-0.0000334186*J1^1*Q^4+0.0000157368*Q^5+0,0.0000974384*J1^2*Q^3+-0.0000074716*J1^1*Q^4+-0.0000596573*Q^5+0,-0.0002722690*J1^2*Q^3+-0.0001238030*J1^1*Q^4+0.0001119788*Q^5+0},
{0,0,0,0,0,0,0,0,-0.0001198176*J1^2*Q^3+-0.0000993229*J1^1*Q^4+0.0000323193*Q^5+0,0.0000585741*J1^2*Q^3+0.0000194603*J1^1*Q^4+-0.0000565456*Q^5+0,0,-0.0000125614*J1^2*Q^3+0.0000217060*J1^1*Q^4+-0.0000102214*Q^5+0,0.0001383534*J1^2*Q^3+0.0001146882*J1^1*Q^4+-0.0000373191*Q^5+0,-0.0000676356*J1^2*Q^3+-0.0000224708*J1^1*Q^4+0.0000652932*Q^5+0,0,0.0000145047*J1^2*Q^3+-0.0000250640*J1^1*Q^4+0.0000118026*Q^5+0,0,0,0,0,0,0,0,0,-0.0001383534*J1^2*Q^3+-0.0001146882*J1^1*Q^4+0.0000373191*Q^5+0,0.0000676356*J1^2*Q^3+0.0000224708*J1^1*Q^4+-0.0000652932*Q^5+0,0,-0.0000145047*J1^2*Q^3+0.0000250640*J1^1*Q^4+-0.0000118026*Q^5+0,0.0001597568*J1^2*Q^3+0.0001324305*J1^1*Q^4+-0.0000430924*Q^5+0,-0.0000780989*J1^2*Q^3+-0.0000259470*J1^1*Q^4+0.0000753941*Q^5+0,0,0.0000167486*J1^2*Q^3+-0.0000289414*J1^1*Q^4+0.0000136285*Q^5+0},
{0,0,0,0,0,0,0,0,0.0000585741*J1^2*Q^3+0.0000194603*J1^1*Q^4+-0.0000565456*Q^5+0,-0.0001874532*J1^2*Q^3+-0.0001217936*J1^1*Q^4+0.0000976126*Q^5+0,-0.0000125614*J1^2*Q^3+0.0000217060*J1^1*Q^4+-0.0000102214*Q^5+0,0.0000145047*J1^2*Q^3+-0.0000250640*J1^1*Q^4+0.0000118026*Q^5+0,-0.0000676356*J1^2*Q^3+-0.0000224708*J1^1*Q^4+0.0000652932*Q^5+0,0.0002164523*J1^2*Q^3+0.0001406352*J1^1*Q^4+-0.0001127133*Q^5+0,0.0000145047*J1^2*Q^3+-0.0000250640*J1^1*Q^4+0.0000118026*Q^5+0,-0.0000167486*J1^2*Q^3+0.0000289414*J1^1*Q^4+-0.0000136285*Q^5+0,0,0,0,0,0,0,0,0,0.0000676356*J1^2*Q^3+0.0000224708*J1^1*Q^4+-0.0000652932*Q^5+0,-0.0002164523*J1^2*Q^3+-0.0001406352*J1^1*Q^4+0.0001127133*Q^5+0,-0.0000145047*J1^2*Q^3+0.0000250640*J1^1*Q^4+-0.0000118026*Q^5+0,0.0000167486*J1^2*Q^3+-0.0000289414*J1^1*Q^4+0.0000136285*Q^5+0,-0.0000780989*J1^2*Q^3+-0.0000259470*J1^1*Q^4+0.0000753941*Q^5+0,0.0002499376*J1^2*Q^3+0.0001623915*J1^1*Q^4+-0.0001301501*Q^5+0,0.0000167486*J1^2*Q^3+-0.0000289414*J1^1*Q^4+0.0000136285*Q^5+0,-0.0000193396*J1^2*Q^3+0.0000334186*J1^1*Q^4+-0.0000157368*Q^5+0}
}