32
{{0,0,0,0,0,0,0,0,0,0,0,0,0,0,0,0,0,0,0,0,0,0,0,0,0,0.0001140148*J1^2*Q^3+0.0000120001*J1^1*Q^4+-0.0000877185*Q^5+0,0.0001198176*J1^2*Q^3+0.0000993229*J1^1*Q^4+-0.0000323193*Q^5+0,-0.0000145047*J1^2*Q^3+0.0000250640*J1^1*Q^4+-0.0000118026*Q^5+0,0,0,0,0},
{0,0,0,0,0,0,0,0,0,0,0,0,0,0,0,0,0,0,0,0,0,0,0,0,0.0001140148*J1^2*Q^3+0.0000120001*J1^1*Q^4+-0.0000877185*Q^5+0,-0.0001316530*J1^2*Q^3+-0.0000138565*J1^1*Q^4+0.0001012886*Q^5+0,-0.0000145047*J1^2*Q^3+0.0000250640*J1^1*Q^4+-0.0000118026*Q^5+0,0.0001365661*J1^2*Q^3+0.0000703815*J1^1*Q^4+-0.0000186908*Q^5+0,0,0,0,0},
{0,0,0,0,0,0,0,0,0,0,0,0,0,0,0,0,0,0,0,0,0,0,0,0,0.0001198176*J1^2*Q^3+0.0000993229*J1^1*Q^4+-0.0000323193*Q^5+0,0.0000145047*J1^2*Q^3+-0.0000250640*J1^1*Q^4+0.0000118026*Q^5+0,0.0001383534*J1^2*Q^3+0.0001146882*J1^1*Q^4+-0.0000373191*Q^5+0,-0.0000380049*J1^2*Q^3+-0.0000040000*J1^1*Q^4+0.0000292395*Q^5+0,0,0,0,0},
{0,0,0,0,0,0,0,0,0,0,0,0,0,0,0,0,0,0,0,0,0,0,0,0,0.0000145047*J1^2*Q^3+-0.0000250640*J1^1*Q^4+0.0000118026*Q^5+0,0.0001030690*J1^2*Q^3+0.0001282643*J1^1*Q^4+-0.0000459478*Q^5+0,-0.0000380049*J1^2*Q^3+-0.0000040000*J1^1*Q^4+0.0000292395*Q^5+0,0.0001822377*J1^2*Q^3+0.0001193070*J1^1*Q^4+-0.0000710820*Q^5+0,0,0,0,0},
{0,0,0,0,0,0,0,0,0,0,0,0,0,0,0,0,0,0,0,0,0,0,0,0,0,0,0,0,0,0.0001140148*J1^2*Q^3+0.0000120001*J1^1*Q^4+-0.0000877185*Q^5+0,0.0001198176*J1^2*Q^3+0.0000993229*J1^1*Q^4+-0.0000323193*Q^5+0,-0.0000145047*J1^2*Q^3+0.0000250640*J1^1*Q^4+-0.0000118026*Q^5+0},
{0,0,0,0,0,0,0,0,0,0,0,0,0,0,0,0,0,0,0,0,0,0,0,0,0,0,0,0,0.0001140148*J1^2*Q^3+0.0000120001*J1^1*Q^4+-0.0000877185*Q^5+0,-0.0001316530*J1^2*Q^3+-0.0000138565*J1^1*Q^4+0.0001012886*Q^5+0,-0.0000145047*J1^2*Q^3+0.0000250640*J1^1*Q^4+-0.0000118026*Q^5+0,0.0001365661*J1^2*Q^3+0.0000703815*J1^1*Q^4+-0.0000186908*Q^5+0},
{0,0,0,0,0,0,0,0,0,0,0,0,0,0,0,0,0,0,0,0,0,0,0,0,0,0,0,0,0.0001198176*J1^2*Q^3+0.0000993229*J1^1*Q^4+-0.0000323193*Q^5+0,0.0000145047*J1^2*Q^3+-0.0000250640*J1^1*Q^4+0.0000118026*Q^5+0,0.0001383534*J1^2*Q^3+0.0001146882*J1^1*Q^4+-0.0000373191*Q^5+0,-0.0000380049*J1^2*Q^3+-0.0000040000*J1^1*Q^4+0.0000292395*Q^5+0},
{0,0,0,0,0,0,0,0,0,0,0,0,0,0,0,0,0,0,0,0,0,0,0,0,0,0,0,0,0.0000145047*J1^2*Q^3+-0.0000250640*J1^1*Q^4+0.0000118026*Q^5+0,0.0001030690*J1^2*Q^3+0.0001282643*J1^1*Q^4+-0.0000459478*Q^5+0,-0.0000380049*J1^2*Q^3+-0.0000040000*J1^1*Q^4+0.0000292395*Q^5+0,0.0001822377*J1^2*Q^3+0.0001193070*J1^1*Q^4+-0.0000710820*Q^5+0},
{0,0,0,0,0,0,0,0,0,0,0,0,0,0,0,0,0,-0.0001140148*J1^2*Q^3+-0.0000120001*J1^1*Q^4+0.0000877185*Q^5+0,-0.0001198176*J1^2*Q^3+-0.0000993229*J1^1*Q^4+0.0000323193*Q^5+0,0.0000145047*J1^2*Q^3+-0.0000250640*J1^1*Q^4+0.0000118026*Q^5+0,0,0,0,0,0,0,0,0,0,0,0,0},
{0,0,0,0,0,0,0,0,0,0,0,0,0,0,0,0,-0.0001140148*J1^2*Q^3+-0.0000120001*J1^1*Q^4+0.0000877185*Q^5+0,0.0001316530*J1^2*Q^3+0.0000138565*J1^1*Q^4+-0.0001012886*Q^5+0,0.0000145047*J1^2*Q^3+-0.0000250640*J1^1*Q^4+0.0000118026*Q^5+0,-0.0001365661*J1^2*Q^3+-0.0000703815*J1^1*Q^4+0.0000186908*Q^5+0,0,0,0,0,0,0,0,0,0,0,0,0},
{0,0,0,0,0,0,0,0,0,0,0,0,0,0,0,0,-0.0001198176*J1^2*Q^3+-0.0000993229*J1^1*Q^4+0.0000323193*Q^5+0,-0.0000145047*J1^2*Q^3+0.0000250640*J1^1*Q^4+-0.0000118026*Q^5+0,-0.0001383534*J1^2*Q^3+-0.0001146882*J1^1*Q^4+0.0000373191*Q^5+0,0.0000380049*J1^2*Q^3+0.0000040000*J1^1*Q^4+-0.0000292395*Q^5+0,0,0,0,0,0,0,0,0,0,0,0,0},
{0,0,0,0,0,0,0,0,0,0,0,0,0,0,0,0,-0.0000145047*J1^2*Q^3+0.0000250640*J1^1*Q^4+-0.0000118026*Q^5+0,-0.0001030690*J1^2*Q^3+-0.0001282643*J1^1*Q^4+0.0000459478*Q^5+0,0.0000380049*J1^2*Q^3+0.0000040000*J1^1*Q^4+-0.0000292395*Q^5+0,-0.0001822377*J1^2*Q^3+-0.0001193070*J1^1*Q^4+0.0000710820*Q^5+0,0,0,0,0,0,0,0,0,0,0,0,0},
{0,0,0,0,0,0,0,0,0,0,0,0,0,0,0,0,0,0,0,0,0,-0.0001140148*J1^2*Q^3+-0.0000120001*J1^1*Q^4+0.0000877185*Q^5+0,-0.0001198176*J1^2*Q^3+-0.0000993229*J1^1*Q^4+0.0000323193*Q^5+0,0.0000145047*J1^2*Q^3+-0.0000250640*J1^1*Q^4+0.0000118026*Q^5+0,0,0,0,0,0,0,0,0},
{0,0,0,0,0,0,0,0,0,0,0,0,0,0,0,0,0,0,0,0,-0.0001140148*J1^2*Q^3+-0.0000120001*J1^1*Q^4+0.0000877185*Q^5+0,0.0001316530*J1^2*Q^3+0.0000138565*J1^1*Q^4+-0.0001012886*Q^5+0,0.0000145047*J1^2*Q^3+-0.0000250640*J1^1*Q^4+0.0000118026*Q^5+0,-0.0001365661*J1^2*Q^3+-0.0000703815*J1^1*Q^4+0.0000186908*Q^5+0,0,0,0,0,0,0,0,0},
{0,0,0,0,0,0,0,0,0,0,0,0,0,0,0,0,0,0,0,0,-0.0001198176*J1^2*Q^3+-0.0000993229*J1^1*Q^4+0.0000323193*Q^5+0,-0.0000145047*J1^2*Q^3+0.0000250640*J1^1*Q^4+-0.0000118026*Q^5+0,-0.0001383534*J1^2*Q^3+-0.0001146882*J1^1*Q^4+0.0000373191*Q^5+0,0.0000380049*J1^2*Q^3+0.0000040000*J1^1*Q^4+-0.0000292395*Q^5+0,0,0,0,0,0,0,0,0},
{0,0,0,0,0,0,0,0,0,0,0,0,0,0,0,0,0,0,0,0,-0.0000145047*J1^2*Q^3+0.0000250640*J1^1*Q^4+-0.0000118026*Q^5+0,-0.0001030690*J1^2*Q^3+-0.0001282643*J1^1*Q^4+0.0000459478*Q^5+0,0.0000380049*J1^2*Q^3+0.0000040000*J1^1*Q^4+-0.0000292395*Q^5+0,-0.0001822377*J1^2*Q^3+-0.0001193070*J1^1*Q^4+0.0000710820*Q^5+0,0,0,0,0,0,0,0,0},
{0,0,0,0,0,0,0,0,0,0.0001140148*J1^2*Q^3+0.0000120001*J1^1*Q^4+-0.0000877185*Q^5+0,0.0001198176*J1^2*Q^3+0.0000993229*J1^1*Q^4+-0.0000323193*Q^5+0,-0.0000145047*J1^2*Q^3+0.0000250640*J1^1*Q^4+-0.0000118026*Q^5+0,0,0,0,0,0,0,0,0,0,0,0,0,0,-0.0001316530*J1^2*Q^3+-0.0000138565*J1^1*Q^4+0.0001012886*Q^5+0,-0.0001383534*J1^2*Q^3+-0.0001146882*J1^1*Q^4+0.0000373191*Q^5+0,0.0000167486*J1^2*Q^3+-0.0000289414*J1^1*Q^4+0.0000136285*Q^5+0,0,0,0,0},
{0,0,0,0,0,0,0,0,0.0001140148*J1^2*Q^3+0.0000120001*J1^1*Q^4+-0.0000877185*Q^5+0,-0.0001316530*J1^2*Q^3+-0.0000138565*J1^1*Q^4+0.0001012886*Q^5+0,-0.0000145047*J1^2*Q^3+0.0000250640*J1^1*Q^4+-0.0000118026*Q^5+0,0.0001365661*J1^2*Q^3+0.0000703815*J1^1*Q^4+-0.0000186908*Q^5+0,0,0,0,0,0,0,0,0,0,0,0,0,-0.0001316530*J1^2*Q^3+-0.0000138565*J1^1*Q^4+0.0001012886*Q^5+0,0.0001520198*J1^2*Q^3+0.0000160001*J1^1*Q^4+-0.0001169580*Q^5+0,0.0000167486*J1^2*Q^3+-0.0000289414*J1^1*Q^4+0.0000136285*Q^5+0,-0.0001576930*J1^2*Q^3+-0.0000812695*J1^1*Q^4+0.0000215823*Q^5+0,0,0,0,0},
{0,0,0,0,0,0,0,0,0.0001198176*J1^2*Q^3+0.0000993229*J1^1*Q^4+-0.0000323193*Q^5+0,0.0000145047*J1^2*Q^3+-0.0000250640*J1^1*Q^4+0.0000118026*Q^5+0,0.0001383534*J1^2*Q^3+0.0001146882*J1^1*Q^4+-0.0000373191*Q^5+0,-0.0000380049*J1^2*Q^3+-0.0000040000*J1^1*Q^4+0.0000292395*Q^5+0,0,0,0,0,0,0,0,0,0,0,0,0,-0.0001383534*J1^2*Q^3+-0.0001146882*J1^1*Q^4+0.0000373191*Q^5+0,-0.0000167486*J1^2*Q^3+0.0000289414*J1^1*Q^4+-0.0000136285*Q^5+0,-0.0001597568*J1^2*Q^3+-0.0001324305*J1^1*Q^4+0.0000430924*Q^5+0,0.0000438843*J1^2*Q^3+0.0000046188*J1^1*Q^4+-0.0000337629*Q^5+0,0,0,0,0},
{0,0,0,0,0,0,0,0,0.0000145047*J1^2*Q^3+-0.0000250640*J1^1*Q^4+0.0000118026*Q^5+0,0.0001030690*J1^2*Q^3+0.0001282643*J1^1*Q^4+-0.0000459478*Q^5+0,-0.0000380049*J1^2*Q^3+-0.0000040000*J1^1*Q^4+0.0000292395*Q^5+0,0.0001822377*J1^2*Q^3+0.0001193070*J1^1*Q^4+-0.0000710820*Q^5+0,0,0,0,0,0,0,0,0,0,0,0,0,-0.0000167486*J1^2*Q^3+0.0000289414*J1^1*Q^4+-0.0000136285*Q^5+0,-0.0001190138*J1^2*Q^3+-0.0001481068*J1^1*Q^4+0.0000530559*Q^5+0,0.0000438843*J1^2*Q^3+0.0000046188*J1^1*Q^4+-0.0000337629*Q^5+0,-0.0002104300*J1^2*Q^3+-0.0001377639*J1^1*Q^4+0.0000820784*Q^5+0,0,0,0,0},
{0,0,0,0,0,0,0,0,0,0,0,0,0,0.0001140148*J1^2*Q^3+0.0000120001*J1^1*Q^4+-0.0000877185*Q^5+0,0.0001198176*J1^2*Q^3+0.0000993229*J1^1*Q^4+-0.0000323193*Q^5+0,-0.0000145047*J1^2*Q^3+0.0000250640*J1^1*Q^4+-0.0000118026*Q^5+0,0,0,0,0,0,0,0,0,0,0,0,0,0,-0.0001316530*J1^2*Q^3+-0.0000138565*J1^1*Q^4+0.0001012886*Q^5+0,-0.0001383534*J1^2*Q^3+-0.0001146882*J1^1*Q^4+0.0000373191*Q^5+0,0.0000167486*J1^2*Q^3+-0.0000289414*J1^1*Q^4+0.0000136285*Q^5+0},
{0,0,0,0,0,0,0,0,0,0,0,0,0.0001140148*J1^2*Q^3+0.0000120001*J1^1*Q^4+-0.0000877185*Q^5+0,-0.0001316530*J1^2*Q^3+-0.0000138565*J1^1*Q^4+0.0001012886*Q^5+0,-0.0000145047*J1^2*Q^3+0.0000250640*J1^1*Q^4+-0.0000118026*Q^5+0,0.0001365661*J1^2*Q^3+0.0000703815*J1^1*Q^4+-0.0000186908*Q^5+0,0,0,0,0,0,0,0,0,0,0,0,0,-0.0001316530*J1^2*Q^3+-0.0000138565*J1^1*Q^4+0.0001012886*Q^5+0,0.0001520198*J1^2*Q^3+0.0000160001*J1^1*Q^4+-0.0001169580*Q^5+0,0.0000167486*J1^2*Q^3+-0.0000289414*J1^1*Q^4+0.0000136285*Q^5+0,-0.0001576930*J1^2*Q^3+-0.0000812695*J1^1*Q^4+0.0000215823*Q^5+0},
{0,0,0,0,0,0,0,0,0,0,0,0,0.0001198176*J1^2*Q^3+0.0000993229*J1^1*Q^4+-0.0000323193*Q^5+0,0.0000145047*J1^2*Q^3+-0.0000250640*J1^1*Q^4+0.0000118026*Q^5+0,0.0001383534*J1^2*Q^3+0.0001146882*J1^1*Q^4+-0.0000373191*Q^5+0,-0.0000380049*J1^2*Q^3+-0.0000040000*J1^1*Q^4+0.0000292395*Q^5+0,0,0,0,0,0,0,0,0,0,0,0,0,-0.0001383534*J1^2*Q^3+-0.0001146882*J1^1*Q^4+0.0000373191*Q^5+0,-0.0000167486*J1^2*Q^3+0.0000289414*J1^1*Q^4+-0.0000136285*Q^5+0,-0.0001597568*J1^2*Q^3+-0.0001324305*J1^1*Q^4+0.0000430924*Q^5+0,0.0000438843*J1^2*Q^3+0.0000046188*J1^1*Q^4+-0.0000337629*Q^5+0},
{0,0,0,0,0,0,0,0,0,0,0,0,0.0000145047*J1^2*Q^3+-0.0000250640*J1^1*Q^4+0.0000118026*Q^5+0,0.0001030690*J1^2*Q^3+0.0001282643*J1^1*Q^4+-0.0000459478*Q^5+0,-0.0000380049*J1^2*Q^3+-0.0000040000*J1^1*Q^4+0.0000292395*Q^5+0,0.0001822377*J1^2*Q^3+0.0001193070*J1^1*Q^4+-0.0000710820*Q^5+0,0,0,0,0,0,0,0,0,0,0,0,0,-0.0000167486*J1^2*Q^3+0.0000289414*J1^1*Q^4+-0.0000136285*Q^5+0,-0.0001190138*J1^2*Q^3+-0.0001481068*J1^1*Q^4+0.0000530559*Q^5+0,0.0000438843*J1^2*Q^3+0.0000046188*J1^1*Q^4+-0.0000337629*Q^5+0,-0.0002104300*J1^2*Q^3+-0.0001377639*J1^1*Q^4+0.0000820784*Q^5+0},
{0,-0.0001140148*J1^2*Q^3+-0.0000120001*J1^1*Q^4+0.0000877185*Q^5+0,-0.0001198176*J1^2*Q^3+-0.0000993229*J1^1*Q^4+0.0000323193*Q^5+0,0.0000145047*J1^2*Q^3+-0.0000250640*J1^1*Q^4+0.0000118026*Q^5+0,0,0,0,0,0,0,0,0,0,0,0,0,0,0.0001316530*J1^2*Q^3+0.0000138565*J1^1*Q^4+-0.0001012886*Q^5+0,0.0001383534*J1^2*Q^3+0.0001146882*J1^1*Q^4+-0.0000373191*Q^5+0,-0.0000167486*J1^2*Q^3+0.0000289414*J1^1*Q^4+-0.0000136285*Q^5+0,0,0,0,0,0,0,0,0,0,0,0,0},
{-0.0001140148*J1^2*Q^3+-0.0000120001*J1^1*Q^4+0.0000877185*Q^5+0,0.0001316530*J1^2*Q^3+0.0000138565*J1^1*Q^4+-0.0001012886*Q^5+0,0.0000145047*J1^2*Q^3+-0.0000250640*J1^1*Q^4+0.0000118026*Q^5+0,-0.0001365661*J1^2*Q^3+-0.0000703815*J1^1*Q^4+0.0000186908*Q^5+0,0,0,0,0,0,0,0,0,0,0,0,0,0.0001316530*J1^2*Q^3+0.0000138565*J1^1*Q^4+-0.0001012886*Q^5+0,-0.0001520198*J1^2*Q^3+-0.0000160001*J1^1*Q^4+0.0001169580*Q^5+0,-0.0000167486*J1^2*Q^3+0.0000289414*J1^1*Q^4+-0.0000136285*Q^5+0,0.0001576930*J1^2*Q^3+0.0000812695*J1^1*Q^4+-0.0000215823*Q^5+0,0,0,0,0,0,0,0,0,0,0,0,0},
{-0.0001198176*J1^2*Q^3+-0.0000993229*J1^1*Q^4+0.0000323193*Q^5+0,-0.0000145047*J1^2*Q^3+0.0000250640*J1^1*Q^4+-0.0000118026*Q^5+0,-0.0001383534*J1^2*Q^3+-0.0001146882*J1^1*Q^4+0.0000373191*Q^5+0,0.0000380049*J1^2*Q^3+0.0000040000*J1^1*Q^4+-0.0000292395*Q^5+0,0,0,0,0,0,0,0,0,0,0,0,0,0.0001383534*J1^2*Q^3+0.0001146882*J1^1*Q^4+-0.0000373191*Q^5+0,0.0000167486*J1^2*Q^3+-0.0000289414*J1^1*Q^4+0.0000136285*Q^5+0,0.0001597568*J1^2*Q^3+0.0001324305*J1^1*Q^4+-0.0000430924*Q^5+0,-0.0000438843*J1^2*Q^3+-0.0000046188*J1^1*Q^4+0.0000337629*Q^5+0,0,0,0,0,0,0,0,0,0,0,0,0},
{-0.0000145047*J1^2*Q^3+0.0000250640*J1^1*Q^4+-0.0000118026*Q^5+0,-0.0001030690*J1^2*Q^3+-0.0001282643*J1^1*Q^4+0.0000459478*Q^5+0,0.0000380049*J1^2*Q^3+0.0000040000*J1^1*Q^4+-0.0000292395*Q^5+0,-0.0001822377*J1^2*Q^3+-0.0001193070*J1^1*Q^4+0.0000710820*Q^5+0,0,0,0,0,0,0,0,0,0,0,0,0,0.0000167486*J1^2*Q^3+-0.0000289414*J1^1*Q^4+0.0000136285*Q^5+0,0.0001190138*J1^2*Q^3+0.0001481068*J1^1*Q^4+-0.0000530559*Q^5+0,-0.0000438843*J1^2*Q^3+-0.0000046188*J1^1*Q^4+0.0000337629*Q^5+0,0.0002104300*J1^2*Q^3+0.0001377639*J1^1*Q^4+-0.0000820784*Q^5+0,0,0,0,0,0,0,0,0,0,0,0,0},
{0,0,0,0,0,-0.0001140148*J1^2*Q^3+-0.0000120001*J1^1*Q^4+0.0000877185*Q^5+0,-0.0001198176*J1^2*Q^3+-0.0000993229*J1^1*Q^4+0.0000323193*Q^5+0,0.0000145047*J1^2*Q^3+-0.0000250640*J1^1*Q^4+0.0000118026*Q^5+0,0,0,0,0,0,0,0,0,0,0,0,0,0,0.0001316530*J1^2*Q^3+0.0000138565*J1^1*Q^4+-0.0001012886*Q^5+0,0.0001383534*J1^2*Q^3+0.0001146882*J1^1*Q^4+-0.0000373191*Q^5+0,-0.0000167486*J1^2*Q^3+0.0000289414*J1^1*Q^4+-0.0000136285*Q^5+0,0,0,0,0,0,0,0,0},
{0,0,0,0,-0.0001140148*J1^2*Q^3+-0.0000120001*J1^1*Q^4+0.0000877185*Q^5+0,0.0001316530*J1^2*Q^3+0.0000138565*J1^1*Q^4+-0.0001012886*Q^5+0,0.0000145047*J1^2*Q^3+-0.0000250640*J1^1*Q^4+0.0000118026*Q^5+0,-0.0001365661*J1^2*Q^3+-0.0000703815*J1^1*Q^4+0.0000186908*Q^5+0,0,0,0,0,0,0,0,0,0,0,0,0,0.0001316530*J1^2*Q^3+0.0000138565*J1^1*Q^4+-0.0001012886*Q^5+0,-0.0001520198*J1^2*Q^3+-0.0000160001*J1^1*Q^4+0.0001169580*Q^5+0,-0.0000167486*J1^2*Q^3+0.0000289414*J1^1*Q^4+-0.0000136285*Q^5+0,0.0001576930*J1^2*Q^3+0.0000812695*J1^1*Q^4+-0.0000215823*Q^5+0,0,0,0,0,0,0,0,0},
{0,0,0,0,-0.0001198176*J1^2*Q^3+-0.0000993229*J1^1*Q^4+0.0000323193*Q^5+0,-0.0000145047*J1^2*Q^3+0.0000250640*J1^1*Q^4+-0.0000118026*Q^5+0,-0.0001383534*J1^2*Q^3+-0.0001146882*J1^1*Q^4+0.0000373191*Q^5+0,0.0000380049*J1^2*Q^3+0.0000040000*J1^1*Q^4+-0.0000292395*Q^5+0,0,0,0,0,0,0,0,0,0,0,0,0,0.0001383534*J1^2*Q^3+0.0001146882*J1^1*Q^4+-0.0000373191*Q^5+0,0.0000167486*J1^2*Q^3+-0.0000289414*J1^1*Q^4+0.0000136285*Q^5+0,0.0001597568*J1^2*Q^3+0.0001324305*J1^1*Q^4+-0.0000430924*Q^5+0,-0.0000438843*J1^2*Q^3+-0.0000046188*J1^1*Q^4+0.0000337629*Q^5+0,0,0,0,0,0,0,0,0},
{0,0,0,0,-0.0000145047*J1^2*Q^3+0.0000250640*J1^1*Q^4+-0.0000118026*Q^5+0,-0.0001030690*J1^2*Q^3+-0.0001282643*J1^1*Q^4+0.0000459478*Q^5+0,0.0000380049*J1^2*Q^3+0.0000040000*J1^1*Q^4+-0.0000292395*Q^5+0,-0.0001822377*J1^2*Q^3+-0.0001193070*J1^1*Q^4+0.0000710820*Q^5+0,0,0,0,0,0,0,0,0,0,0,0,0,0.0000167486*J1^2*Q^3+-0.0000289414*J1^1*Q^4+0.0000136285*Q^5+0,0.0001190138*J1^2*Q^3+0.0001481068*J1^1*Q^4+-0.0000530559*Q^5+0,-0.0000438843*J1^2*Q^3+-0.0000046188*J1^1*Q^4+0.0000337629*Q^5+0,0.0002104300*J1^2*Q^3+0.0001377639*J1^1*Q^4+-0.0000820784*Q^5+0,0,0,0,0,0,0,0,0}
}