64
{{0,0,0,0,0,0,0,0,0,0,0,0,0,0,0,0,0,0,0,0,0,0,0,0,0,0,0,0,0,0,0,0,0,0,0,0,0,0,0,0,0,0,0,0,0,0,0,0,0,0,0,0,0,0,0,0,0,0,0,0,-0.0000899633*J1^1*Q^4+0.0000620683*Q^5+0,0,0,0},
{0,0,0,0,0,0,0,0,0,0,0,0,0,0,0,0,0,0,0,0,0,0,0,0,0,0,0,0,0,0,0,0,0,0,0,0,0,0,0,0,0,0,0,0,0,0,0,0,0,0,0,0,0,0,0,0,0,0,0,0,0,-0.0000899633*J1^1*Q^4+0.0000620683*Q^5+0,0,0},
{0,0,0,0,0,0,0,0,0,0,0,0,0,0,0,0,0,0,0,0,0,0,0,0,0,0,0,0,0,0,0,0,0,0,0,0,0,0,0,0,0,0,0,0,0,0,0,0,0,0,0,0,0,0,0,0,0,0,0,0,0,0,-0.0000899633*J1^1*Q^4+0.0000620683*Q^5+0,0},
{0,0,0,0,0,0,0,0,0,0,0,0,0,0,0,0,0,0,0,0,0,0,0,0,0,0,0,0,0,0,0,0,0,0,0,0,0,0,0,0,0,0,0,0,0,0,0,0,0,0,0,0,0,0,0,0,0,0,0,0,0,0,0,-0.0000899633*J1^1*Q^4+0.0000620683*Q^5+0},
{0,0,0,0,0,0,0,0,0,0,0,0,0,0,0,0,0,0,0,0,0,0,0,0,0,0,0,0,0,0,0,0,0,0,0,0,0,0,0,0,0,0,0,0,0,0,0,0,0,0,0,0,0,0,0,0,0.0000899633*J1^1*Q^4+-0.0000620683*Q^5+0,0,0,0,0,0,0,0},
{0,0,0,0,0,0,0,0,0,0,0,0,0,0,0,0,0,0,0,0,0,0,0,0,0,0,0,0,0,0,0,0,0,0,0,0,0,0,0,0,0,0,0,0,0,0,0,0,0,0,0,0,0,0,0,0,0,0.0000899633*J1^1*Q^4+-0.0000620683*Q^5+0,0,0,0,0,0,0},
{0,0,0,0,0,0,0,0,0,0,0,0,0,0,0,0,0,0,0,0,0,0,0,0,0,0,0,0,0,0,0,0,0,0,0,0,0,0,0,0,0,0,0,0,0,0,0,0,0,0,0,0,0,0,0,0,0,0,0.0000899633*J1^1*Q^4+-0.0000620683*Q^5+0,0,0,0,0,0},
{0,0,0,0,0,0,0,0,0,0,0,0,0,0,0,0,0,0,0,0,0,0,0,0,0,0,0,0,0,0,0,0,0,0,0,0,0,0,0,0,0,0,0,0,0,0,0,0,0,0,0,0,0,0,0,0,0,0,0,0.0000899633*J1^1*Q^4+-0.0000620683*Q^5+0,0,0,0,0},
{0,0,0,0,0,0,0,0,0,0,0,0,0,0,0,0,0,0,0,0,0,0,0,0,0,0,0,0,0,0,0,0,0,0,0,0,0,0,0,0,0,0,0,0,0,0,0,0,0,0,0,0,0.0000899633*J1^1*Q^4+-0.0000620683*Q^5+0,0,0,0,0,0,0,0,0,0,0,0},
{0,0,0,0,0,0,0,0,0,0,0,0,0,0,0,0,0,0,0,0,0,0,0,0,0,0,0,0,0,0,0,0,0,0,0,0,0,0,0,0,0,0,0,0,0,0,0,0,0,0,0,0,0,0.0000899633*J1^1*Q^4+-0.0000620683*Q^5+0,0,0,0,0,0,0,0,0,0,0},
{0,0,0,0,0,0,0,0,0,0,0,0,0,0,0,0,0,0,0,0,0,0,0,0,0,0,0,0,0,0,0,0,0,0,0,0,0,0,0,0,0,0,0,0,0,0,0,0,0,0,0,0,0,0,0.0000899633*J1^1*Q^4+-0.0000620683*Q^5+0,0,0,0,0,0,0,0,0,0},
{0,0,0,0,0,0,0,0,0,0,0,0,0,0,0,0,0,0,0,0,0,0,0,0,0,0,0,0,0,0,0,0,0,0,0,0,0,0,0,0,0,0,0,0,0,0,0,0,0,0,0,0,0,0,0,0.0000899633*J1^1*Q^4+-0.0000620683*Q^5+0,0,0,0,0,0,0,0,0},
{0,0,0,0,0,0,0,0,0,0,0,0,0,0,0,0,0,0,0,0,0,0,0,0,0,0,0,0,0,0,0,0,0,0,0,0,0,0,0,0,0,0,0,0,0,0,0,0,-0.0000899633*J1^1*Q^4+0.0000620683*Q^5+0,0,0,0,0,0,0,0,0,0,0,0,0,0,0,0},
{0,0,0,0,0,0,0,0,0,0,0,0,0,0,0,0,0,0,0,0,0,0,0,0,0,0,0,0,0,0,0,0,0,0,0,0,0,0,0,0,0,0,0,0,0,0,0,0,0,-0.0000899633*J1^1*Q^4+0.0000620683*Q^5+0,0,0,0,0,0,0,0,0,0,0,0,0,0,0},
{0,0,0,0,0,0,0,0,0,0,0,0,0,0,0,0,0,0,0,0,0,0,0,0,0,0,0,0,0,0,0,0,0,0,0,0,0,0,0,0,0,0,0,0,0,0,0,0,0,0,-0.0000899633*J1^1*Q^4+0.0000620683*Q^5+0,0,0,0,0,0,0,0,0,0,0,0,0,0},
{0,0,0,0,0,0,0,0,0,0,0,0,0,0,0,0,0,0,0,0,0,0,0,0,0,0,0,0,0,0,0,0,0,0,0,0,0,0,0,0,0,0,0,0,0,0,0,0,0,0,0,-0.0000899633*J1^1*Q^4+0.0000620683*Q^5+0,0,0,0,0,0,0,0,0,0,0,0,0},
{0,0,0,0,0,0,0,0,0,0,0,0,0,0,0,0,0,0,0,0,0,0,0,0,0,0,0,0,0,0,0,0,0,0,0,0,0,0,0,0,0,0,0,0,-0.0000899633*J1^1*Q^4+0.0000620683*Q^5+0,0,0,0,0,0,0,0,0,0,0,0,0,0,0,0,-0.0001038806*J1^1*Q^4+0.0000716703*Q^5+0,0,0,0},
{0,0,0,0,0,0,0,0,0,0,0,0,0,0,0,0,0,0,0,0,0,0,0,0,0,0,0,0,0,0,0,0,0,0,0,0,0,0,0,0,0,0,0,0,0,-0.0000899633*J1^1*Q^4+0.0000620683*Q^5+0,0,0,0,0,0,0,0,0,0,0,0,0,0,0,0,-0.0001038806*J1^1*Q^4+0.0000716703*Q^5+0,0,0},
{0,0,0,0,0,0,0,0,0,0,0,0,0,0,0,0,0,0,0,0,0,0,0,0,0,0,0,0,0,0,0,0,0,0,0,0,0,0,0,0,0,0,0,0,0,0,-0.0000899633*J1^1*Q^4+0.0000620683*Q^5+0,0,0,0,0,0,0,0,0,0,0,0,0,0,0,0,-0.0001038806*J1^1*Q^4+0.0000716703*Q^5+0,0},
{0,0,0,0,0,0,0,0,0,0,0,0,0,0,0,0,0,0,0,0,0,0,0,0,0,0,0,0,0,0,0,0,0,0,0,0,0,0,0,0,0,0,0,0,0,0,0,-0.0000899633*J1^1*Q^4+0.0000620683*Q^5+0,0,0,0,0,0,0,0,0,0,0,0,0,0,0,0,-0.0001038806*J1^1*Q^4+0.0000716703*Q^5+0},
{0,0,0,0,0,0,0,0,0,0,0,0,0,0,0,0,0,0,0,0,0,0,0,0,0,0,0,0,0,0,0,0,0,0,0,0,0,0,0,0,0.0000899633*J1^1*Q^4+-0.0000620683*Q^5+0,0,0,0,0,0,0,0,0,0,0,0,0,0,0,0,0.0001038806*J1^1*Q^4+-0.0000716703*Q^5+0,0,0,0,0,0,0,0},
{0,0,0,0,0,0,0,0,0,0,0,0,0,0,0,0,0,0,0,0,0,0,0,0,0,0,0,0,0,0,0,0,0,0,0,0,0,0,0,0,0,0.0000899633*J1^1*Q^4+-0.0000620683*Q^5+0,0,0,0,0,0,0,0,0,0,0,0,0,0,0,0,0.0001038806*J1^1*Q^4+-0.0000716703*Q^5+0,0,0,0,0,0,0},
{0,0,0,0,0,0,0,0,0,0,0,0,0,0,0,0,0,0,0,0,0,0,0,0,0,0,0,0,0,0,0,0,0,0,0,0,0,0,0,0,0,0,0.0000899633*J1^1*Q^4+-0.0000620683*Q^5+0,0,0,0,0,0,0,0,0,0,0,0,0,0,0,0,0.0001038806*J1^1*Q^4+-0.0000716703*Q^5+0,0,0,0,0,0},
{0,0,0,0,0,0,0,0,0,0,0,0,0,0,0,0,0,0,0,0,0,0,0,0,0,0,0,0,0,0,0,0,0,0,0,0,0,0,0,0,0,0,0,0.0000899633*J1^1*Q^4+-0.0000620683*Q^5+0,0,0,0,0,0,0,0,0,0,0,0,0,0,0,0,0.0001038806*J1^1*Q^4+-0.0000716703*Q^5+0,0,0,0,0},
{0,0,0,0,0,0,0,0,0,0,0,0,0,0,0,0,0,0,0,0,0,0,0,0,0,0,0,0,0,0,0,0,0,0,0,0,0.0000899633*J1^1*Q^4+-0.0000620683*Q^5+0,0,0,0,0,0,0,0,0,0,0,0,0,0,0,0,0.0001038806*J1^1*Q^4+-0.0000716703*Q^5+0,0,0,0,0,0,0,0,0,0,0,0},
{0,0,0,0,0,0,0,0,0,0,0,0,0,0,0,0,0,0,0,0,0,0,0,0,0,0,0,0,0,0,0,0,0,0,0,0,0,0.0000899633*J1^1*Q^4+-0.0000620683*Q^5+0,0,0,0,0,0,0,0,0,0,0,0,0,0,0,0,0.0001038806*J1^1*Q^4+-0.0000716703*Q^5+0,0,0,0,0,0,0,0,0,0,0},
{0,0,0,0,0,0,0,0,0,0,0,0,0,0,0,0,0,0,0,0,0,0,0,0,0,0,0,0,0,0,0,0,0,0,0,0,0,0,0.0000899633*J1^1*Q^4+-0.0000620683*Q^5+0,0,0,0,0,0,0,0,0,0,0,0,0,0,0,0,0.0001038806*J1^1*Q^4+-0.0000716703*Q^5+0,0,0,0,0,0,0,0,0,0},
{0,0,0,0,0,0,0,0,0,0,0,0,0,0,0,0,0,0,0,0,0,0,0,0,0,0,0,0,0,0,0,0,0,0,0,0,0,0,0,0.0000899633*J1^1*Q^4+-0.0000620683*Q^5+0,0,0,0,0,0,0,0,0,0,0,0,0,0,0,0,0.0001038806*J1^1*Q^4+-0.0000716703*Q^5+0,0,0,0,0,0,0,0,0},
{0,0,0,0,0,0,0,0,0,0,0,0,0,0,0,0,0,0,0,0,0,0,0,0,0,0,0,0,0,0,0,0,-0.0000899633*J1^1*Q^4+0.0000620683*Q^5+0,0,0,0,0,0,0,0,0,0,0,0,0,0,0,0,-0.0001038806*J1^1*Q^4+0.0000716703*Q^5+0,0,0,0,0,0,0,0,0,0,0,0,0,0,0,0},
{0,0,0,0,0,0,0,0,0,0,0,0,0,0,0,0,0,0,0,0,0,0,0,0,0,0,0,0,0,0,0,0,0,-0.0000899633*J1^1*Q^4+0.0000620683*Q^5+0,0,0,0,0,0,0,0,0,0,0,0,0,0,0,0,-0.0001038806*J1^1*Q^4+0.0000716703*Q^5+0,0,0,0,0,0,0,0,0,0,0,0,0,0,0},
{0,0,0,0,0,0,0,0,0,0,0,0,0,0,0,0,0,0,0,0,0,0,0,0,0,0,0,0,0,0,0,0,0,0,-0.0000899633*J1^1*Q^4+0.0000620683*Q^5+0,0,0,0,0,0,0,0,0,0,0,0,0,0,0,0,-0.0001038806*J1^1*Q^4+0.0000716703*Q^5+0,0,0,0,0,0,0,0,0,0,0,0,0,0},
{0,0,0,0,0,0,0,0,0,0,0,0,0,0,0,0,0,0,0,0,0,0,0,0,0,0,0,0,0,0,0,0,0,0,0,-0.0000899633*J1^1*Q^4+0.0000620683*Q^5+0,0,0,0,0,0,0,0,0,0,0,0,0,0,0,0,-0.0001038806*J1^1*Q^4+0.0000716703*Q^5+0,0,0,0,0,0,0,0,0,0,0,0,0},
{0,0,0,0,0,0,0,0,0,0,0,0,0,0,0,0,0,0,0,0,0,0,0,0,0,0,0,0,-0.0000899633*J1^1*Q^4+0.0000620683*Q^5+0,0,0,0,0,0,0,0,0,0,0,0,0,0,0,0,0,0,0,0,0,0,0,0,0,0,0,0,0,0,0,0,-0.0001038806*J1^1*Q^4+0.0000716703*Q^5+0,0,0,0},
{0,0,0,0,0,0,0,0,0,0,0,0,0,0,0,0,0,0,0,0,0,0,0,0,0,0,0,0,0,-0.0000899633*J1^1*Q^4+0.0000620683*Q^5+0,0,0,0,0,0,0,0,0,0,0,0,0,0,0,0,0,0,0,0,0,0,0,0,0,0,0,0,0,0,0,0,-0.0001038806*J1^1*Q^4+0.0000716703*Q^5+0,0,0},
{0,0,0,0,0,0,0,0,0,0,0,0,0,0,0,0,0,0,0,0,0,0,0,0,0,0,0,0,0,0,-0.0000899633*J1^1*Q^4+0.0000620683*Q^5+0,0,0,0,0,0,0,0,0,0,0,0,0,0,0,0,0,0,0,0,0,0,0,0,0,0,0,0,0,0,0,0,-0.0001038806*J1^1*Q^4+0.0000716703*Q^5+0,0},
{0,0,0,0,0,0,0,0,0,0,0,0,0,0,0,0,0,0,0,0,0,0,0,0,0,0,0,0,0,0,0,-0.0000899633*J1^1*Q^4+0.0000620683*Q^5+0,0,0,0,0,0,0,0,0,0,0,0,0,0,0,0,0,0,0,0,0,0,0,0,0,0,0,0,0,0,0,0,-0.0001038806*J1^1*Q^4+0.0000716703*Q^5+0},
{0,0,0,0,0,0,0,0,0,0,0,0,0,0,0,0,0,0,0,0,0,0,0,0,0.0000899633*J1^1*Q^4+-0.0000620683*Q^5+0,0,0,0,0,0,0,0,0,0,0,0,0,0,0,0,0,0,0,0,0,0,0,0,0,0,0,0,0,0,0,0,0.0001038806*J1^1*Q^4+-0.0000716703*Q^5+0,0,0,0,0,0,0,0},
{0,0,0,0,0,0,0,0,0,0,0,0,0,0,0,0,0,0,0,0,0,0,0,0,0,0.0000899633*J1^1*Q^4+-0.0000620683*Q^5+0,0,0,0,0,0,0,0,0,0,0,0,0,0,0,0,0,0,0,0,0,0,0,0,0,0,0,0,0,0,0,0,0.0001038806*J1^1*Q^4+-0.0000716703*Q^5+0,0,0,0,0,0,0},
{0,0,0,0,0,0,0,0,0,0,0,0,0,0,0,0,0,0,0,0,0,0,0,0,0,0,0.0000899633*J1^1*Q^4+-0.0000620683*Q^5+0,0,0,0,0,0,0,0,0,0,0,0,0,0,0,0,0,0,0,0,0,0,0,0,0,0,0,0,0,0,0,0,0.0001038806*J1^1*Q^4+-0.0000716703*Q^5+0,0,0,0,0,0},
{0,0,0,0,0,0,0,0,0,0,0,0,0,0,0,0,0,0,0,0,0,0,0,0,0,0,0,0.0000899633*J1^1*Q^4+-0.0000620683*Q^5+0,0,0,0,0,0,0,0,0,0,0,0,0,0,0,0,0,0,0,0,0,0,0,0,0,0,0,0,0,0,0,0,0.0001038806*J1^1*Q^4+-0.0000716703*Q^5+0,0,0,0,0},
{0,0,0,0,0,0,0,0,0,0,0,0,0,0,0,0,0,0,0,0,0.0000899633*J1^1*Q^4+-0.0000620683*Q^5+0,0,0,0,0,0,0,0,0,0,0,0,0,0,0,0,0,0,0,0,0,0,0,0,0,0,0,0,0,0,0,0,0.0001038806*J1^1*Q^4+-0.0000716703*Q^5+0,0,0,0,0,0,0,0,0,0,0,0},
{0,0,0,0,0,0,0,0,0,0,0,0,0,0,0,0,0,0,0,0,0,0.0000899633*J1^1*Q^4+-0.0000620683*Q^5+0,0,0,0,0,0,0,0,0,0,0,0,0,0,0,0,0,0,0,0,0,0,0,0,0,0,0,0,0,0,0,0,0.0001038806*J1^1*Q^4+-0.0000716703*Q^5+0,0,0,0,0,0,0,0,0,0,0},
{0,0,0,0,0,0,0,0,0,0,0,0,0,0,0,0,0,0,0,0,0,0,0.0000899633*J1^1*Q^4+-0.0000620683*Q^5+0,0,0,0,0,0,0,0,0,0,0,0,0,0,0,0,0,0,0,0,0,0,0,0,0,0,0,0,0,0,0,0,0.0001038806*J1^1*Q^4+-0.0000716703*Q^5+0,0,0,0,0,0,0,0,0,0},
{0,0,0,0,0,0,0,0,0,0,0,0,0,0,0,0,0,0,0,0,0,0,0,0.0000899633*J1^1*Q^4+-0.0000620683*Q^5+0,0,0,0,0,0,0,0,0,0,0,0,0,0,0,0,0,0,0,0,0,0,0,0,0,0,0,0,0,0,0,0,0.0001038806*J1^1*Q^4+-0.0000716703*Q^5+0,0,0,0,0,0,0,0,0},
{0,0,0,0,0,0,0,0,0,0,0,0,0,0,0,0,-0.0000899633*J1^1*Q^4+0.0000620683*Q^5+0,0,0,0,0,0,0,0,0,0,0,0,0,0,0,0,0,0,0,0,0,0,0,0,0,0,0,0,0,0,0,0,-0.0001038806*J1^1*Q^4+0.0000716703*Q^5+0,0,0,0,0,0,0,0,0,0,0,0,0,0,0,0},
{0,0,0,0,0,0,0,0,0,0,0,0,0,0,0,0,0,-0.0000899633*J1^1*Q^4+0.0000620683*Q^5+0,0,0,0,0,0,0,0,0,0,0,0,0,0,0,0,0,0,0,0,0,0,0,0,0,0,0,0,0,0,0,0,-0.0001038806*J1^1*Q^4+0.0000716703*Q^5+0,0,0,0,0,0,0,0,0,0,0,0,0,0,0},
{0,0,0,0,0,0,0,0,0,0,0,0,0,0,0,0,0,0,-0.0000899633*J1^1*Q^4+0.0000620683*Q^5+0,0,0,0,0,0,0,0,0,0,0,0,0,0,0,0,0,0,0,0,0,0,0,0,0,0,0,0,0,0,0,0,-0.0001038806*J1^1*Q^4+0.0000716703*Q^5+0,0,0,0,0,0,0,0,0,0,0,0,0,0},
{0,0,0,0,0,0,0,0,0,0,0,0,0,0,0,0,0,0,0,-0.0000899633*J1^1*Q^4+0.0000620683*Q^5+0,0,0,0,0,0,0,0,0,0,0,0,0,0,0,0,0,0,0,0,0,0,0,0,0,0,0,0,0,0,0,0,-0.0001038806*J1^1*Q^4+0.0000716703*Q^5+0,0,0,0,0,0,0,0,0,0,0,0,0},
{0,0,0,0,0,0,0,0,0,0,0,0,-0.0000899633*J1^1*Q^4+0.0000620683*Q^5+0,0,0,0,0,0,0,0,0,0,0,0,0,0,0,0,-0.0001038806*J1^1*Q^4+0.0000716703*Q^5+0,0,0,0,0,0,0,0,0,0,0,0,0,0,0,0,-0.0001038806*J1^1*Q^4+0.0000716703*Q^5+0,0,0,0,0,0,0,0,0,0,0,0,0,0,0,0,-0.0001199510*J1^1*Q^4+0.0000827577*Q^5+0,0,0,0},
{0,0,0,0,0,0,0,0,0,0,0,0,0,-0.0000899633*J1^1*Q^4+0.0000620683*Q^5+0,0,0,0,0,0,0,0,0,0,0,0,0,0,0,0,-0.0001038806*J1^1*Q^4+0.0000716703*Q^5+0,0,0,0,0,0,0,0,0,0,0,0,0,0,0,0,-0.0001038806*J1^1*Q^4+0.0000716703*Q^5+0,0,0,0,0,0,0,0,0,0,0,0,0,0,0,0,-0.0001199510*J1^1*Q^4+0.0000827577*Q^5+0,0,0},
{0,0,0,0,0,0,0,0,0,0,0,0,0,0,-0.0000899633*J1^1*Q^4+0.0000620683*Q^5+0,0,0,0,0,0,0,0,0,0,0,0,0,0,0,0,-0.0001038806*J1^1*Q^4+0.0000716703*Q^5+0,0,0,0,0,0,0,0,0,0,0,0,0,0,0,0,-0.0001038806*J1^1*Q^4+0.0000716703*Q^5+0,0,0,0,0,0,0,0,0,0,0,0,0,0,0,0,-0.0001199510*J1^1*Q^4+0.0000827577*Q^5+0,0},
{0,0,0,0,0,0,0,0,0,0,0,0,0,0,0,-0.0000899633*J1^1*Q^4+0.0000620683*Q^5+0,0,0,0,0,0,0,0,0,0,0,0,0,0,0,0,-0.0001038806*J1^1*Q^4+0.0000716703*Q^5+0,0,0,0,0,0,0,0,0,0,0,0,0,0,0,0,-0.0001038806*J1^1*Q^4+0.0000716703*Q^5+0,0,0,0,0,0,0,0,0,0,0,0,0,0,0,0,-0.0001199510*J1^1*Q^4+0.0000827577*Q^5+0},
{0,0,0,0,0,0,0,0,0.0000899633*J1^1*Q^4+-0.0000620683*Q^5+0,0,0,0,0,0,0,0,0,0,0,0,0,0,0,0,0.0001038806*J1^1*Q^4+-0.0000716703*Q^5+0,0,0,0,0,0,0,0,0,0,0,0,0,0,0,0,0.0001038806*J1^1*Q^4+-0.0000716703*Q^5+0,0,0,0,0,0,0,0,0,0,0,0,0,0,0,0,0.0001199510*J1^1*Q^4+-0.0000827577*Q^5+0,0,0,0,0,0,0,0},
{0,0,0,0,0,0,0,0,0,0.0000899633*J1^1*Q^4+-0.0000620683*Q^5+0,0,0,0,0,0,0,0,0,0,0,0,0,0,0,0,0.0001038806*J1^1*Q^4+-0.0000716703*Q^5+0,0,0,0,0,0,0,0,0,0,0,0,0,0,0,0,0.0001038806*J1^1*Q^4+-0.0000716703*Q^5+0,0,0,0,0,0,0,0,0,0,0,0,0,0,0,0,0.0001199510*J1^1*Q^4+-0.0000827577*Q^5+0,0,0,0,0,0,0},
{0,0,0,0,0,0,0,0,0,0,0.0000899633*J1^1*Q^4+-0.0000620683*Q^5+0,0,0,0,0,0,0,0,0,0,0,0,0,0,0,0,0.0001038806*J1^1*Q^4+-0.0000716703*Q^5+0,0,0,0,0,0,0,0,0,0,0,0,0,0,0,0,0.0001038806*J1^1*Q^4+-0.0000716703*Q^5+0,0,0,0,0,0,0,0,0,0,0,0,0,0,0,0,0.0001199510*J1^1*Q^4+-0.0000827577*Q^5+0,0,0,0,0,0},
{0,0,0,0,0,0,0,0,0,0,0,0.0000899633*J1^1*Q^4+-0.0000620683*Q^5+0,0,0,0,0,0,0,0,0,0,0,0,0,0,0,0,0.0001038806*J1^1*Q^4+-0.0000716703*Q^5+0,0,0,0,0,0,0,0,0,0,0,0,0,0,0,0,0.0001038806*J1^1*Q^4+-0.0000716703*Q^5+0,0,0,0,0,0,0,0,0,0,0,0,0,0,0,0,0.0001199510*J1^1*Q^4+-0.0000827577*Q^5+0,0,0,0,0},
{0,0,0,0,0.0000899633*J1^1*Q^4+-0.0000620683*Q^5+0,0,0,0,0,0,0,0,0,0,0,0,0,0,0,0,0.0001038806*J1^1*Q^4+-0.0000716703*Q^5+0,0,0,0,0,0,0,0,0,0,0,0,0,0,0,0,0.0001038806*J1^1*Q^4+-0.0000716703*Q^5+0,0,0,0,0,0,0,0,0,0,0,0,0,0,0,0,0.0001199510*J1^1*Q^4+-0.0000827577*Q^5+0,0,0,0,0,0,0,0,0,0,0,0},
{0,0,0,0,0,0.0000899633*J1^1*Q^4+-0.0000620683*Q^5+0,0,0,0,0,0,0,0,0,0,0,0,0,0,0,0,0.0001038806*J1^1*Q^4+-0.0000716703*Q^5+0,0,0,0,0,0,0,0,0,0,0,0,0,0,0,0,0.0001038806*J1^1*Q^4+-0.0000716703*Q^5+0,0,0,0,0,0,0,0,0,0,0,0,0,0,0,0,0.0001199510*J1^1*Q^4+-0.0000827577*Q^5+0,0,0,0,0,0,0,0,0,0,0},
{0,0,0,0,0,0,0.0000899633*J1^1*Q^4+-0.0000620683*Q^5+0,0,0,0,0,0,0,0,0,0,0,0,0,0,0,0,0.0001038806*J1^1*Q^4+-0.0000716703*Q^5+0,0,0,0,0,0,0,0,0,0,0,0,0,0,0,0,0.0001038806*J1^1*Q^4+-0.0000716703*Q^5+0,0,0,0,0,0,0,0,0,0,0,0,0,0,0,0,0.0001199510*J1^1*Q^4+-0.0000827577*Q^5+0,0,0,0,0,0,0,0,0,0},
{0,0,0,0,0,0,0,0.0000899633*J1^1*Q^4+-0.0000620683*Q^5+0,0,0,0,0,0,0,0,0,0,0,0,0,0,0,0,0.0001038806*J1^1*Q^4+-0.0000716703*Q^5+0,0,0,0,0,0,0,0,0,0,0,0,0,0,0,0,0.0001038806*J1^1*Q^4+-0.0000716703*Q^5+0,0,0,0,0,0,0,0,0,0,0,0,0,0,0,0,0.0001199510*J1^1*Q^4+-0.0000827577*Q^5+0,0,0,0,0,0,0,0,0},
{-0.0000899633*J1^1*Q^4+0.0000620683*Q^5+0,0,0,0,0,0,0,0,0,0,0,0,0,0,0,0,-0.0001038806*J1^1*Q^4+0.0000716703*Q^5+0,0,0,0,0,0,0,0,0,0,0,0,0,0,0,0,-0.0001038806*J1^1*Q^4+0.0000716703*Q^5+0,0,0,0,0,0,0,0,0,0,0,0,0,0,0,0,-0.0001199510*J1^1*Q^4+0.0000827577*Q^5+0,0,0,0,0,0,0,0,0,0,0,0,0,0,0,0},
{0,-0.0000899633*J1^1*Q^4+0.0000620683*Q^5+0,0,0,0,0,0,0,0,0,0,0,0,0,0,0,0,-0.0001038806*J1^1*Q^4+0.0000716703*Q^5+0,0,0,0,0,0,0,0,0,0,0,0,0,0,0,0,-0.0001038806*J1^1*Q^4+0.0000716703*Q^5+0,0,0,0,0,0,0,0,0,0,0,0,0,0,0,0,-0.0001199510*J1^1*Q^4+0.0000827577*Q^5+0,0,0,0,0,0,0,0,0,0,0,0,0,0,0},
{0,0,-0.0000899633*J1^1*Q^4+0.0000620683*Q^5+0,0,0,0,0,0,0,0,0,0,0,0,0,0,0,0,-0.0001038806*J1^1*Q^4+0.0000716703*Q^5+0,0,0,0,0,0,0,0,0,0,0,0,0,0,0,0,-0.0001038806*J1^1*Q^4+0.0000716703*Q^5+0,0,0,0,0,0,0,0,0,0,0,0,0,0,0,0,-0.0001199510*J1^1*Q^4+0.0000827577*Q^5+0,0,0,0,0,0,0,0,0,0,0,0,0,0},
{0,0,0,-0.0000899633*J1^1*Q^4+0.0000620683*Q^5+0,0,0,0,0,0,0,0,0,0,0,0,0,0,0,0,-0.0001038806*J1^1*Q^4+0.0000716703*Q^5+0,0,0,0,0,0,0,0,0,0,0,0,0,0,0,0,-0.0001038806*J1^1*Q^4+0.0000716703*Q^5+0,0,0,0,0,0,0,0,0,0,0,0,0,0,0,0,-0.0001199510*J1^1*Q^4+0.0000827577*Q^5+0,0,0,0,0,0,0,0,0,0,0,0,0}
}