64
{{0,0,0,0,0,0,0,0,0,0,0,0,0,0,0,0,0,0,0,0,0,0,0,0,0,0,0,0,0,0,0,0,0,0,0,0,0,0,0,0,0,0,0,0,0,0,0,0,0,0,0,0,0,0,0,0,0,0,0,0,0,0,0,0.0000067817*J1^2*Q^3+-0.0000101725*J1^1*Q^4+0.0000038147*Q^5+0},
{0,0,0,0,0,0,0,0,0,0,0,0,0,0,0,0,0,0,0,0,0,0,0,0,0,0,0,0,0,0,0,0,0,0,0,0,0,0,0,0,0,0,0,0,0,0,0,0,0,0,0,0,0,0,0,0,0,0,0,0,0,0,0.0000067817*J1^2*Q^3+-0.0000101725*J1^1*Q^4+0.0000038147*Q^5+0,0.0000078308*J1^2*Q^3+-0.0000117462*J1^1*Q^4+0.0000044048*Q^5+0},
{0,0,0,0,0,0,0,0,0,0,0,0,0,0,0,0,0,0,0,0,0,0,0,0,0,0,0,0,0,0,0,0,0,0,0,0,0,0,0,0,0,0,0,0,0,0,0,0,0,0,0,0,0,0,0,0,0,0,0,0,0,-0.0000067817*J1^2*Q^3+0.0000101725*J1^1*Q^4+-0.0000038147*Q^5+0,0,0},
{0,0,0,0,0,0,0,0,0,0,0,0,0,0,0,0,0,0,0,0,0,0,0,0,0,0,0,0,0,0,0,0,0,0,0,0,0,0,0,0,0,0,0,0,0,0,0,0,0,0,0,0,0,0,0,0,0,0,0,0,-0.0000067817*J1^2*Q^3+0.0000101725*J1^1*Q^4+-0.0000038147*Q^5+0,-0.0000078308*J1^2*Q^3+0.0000117462*J1^1*Q^4+-0.0000044048*Q^5+0,0,0},
{0,0,0,0,0,0,0,0,0,0,0,0,0,0,0,0,0,0,0,0,0,0,0,0,0,0,0,0,0,0,0,0,0,0,0,0,0,0,0,0,0,0,0,0,0,0,0,0,0,0,0,0,0,0,0,0,0,0,0,0.0000067817*J1^2*Q^3+-0.0000101725*J1^1*Q^4+0.0000038147*Q^5+0,0,0,0,-0.0000078308*J1^2*Q^3+0.0000117462*J1^1*Q^4+-0.0000044048*Q^5+0},
{0,0,0,0,0,0,0,0,0,0,0,0,0,0,0,0,0,0,0,0,0,0,0,0,0,0,0,0,0,0,0,0,0,0,0,0,0,0,0,0,0,0,0,0,0,0,0,0,0,0,0,0,0,0,0,0,0,0,0.0000067817*J1^2*Q^3+-0.0000101725*J1^1*Q^4+0.0000038147*Q^5+0,0.0000078308*J1^2*Q^3+-0.0000117462*J1^1*Q^4+0.0000044048*Q^5+0,0,0,-0.0000078308*J1^2*Q^3+0.0000117462*J1^1*Q^4+-0.0000044048*Q^5+0,-0.0000090422*J1^2*Q^3+0.0000135634*J1^1*Q^4+-0.0000050863*Q^5+0},
{0,0,0,0,0,0,0,0,0,0,0,0,0,0,0,0,0,0,0,0,0,0,0,0,0,0,0,0,0,0,0,0,0,0,0,0,0,0,0,0,0,0,0,0,0,0,0,0,0,0,0,0,0,0,0,0,0,-0.0000067817*J1^2*Q^3+0.0000101725*J1^1*Q^4+-0.0000038147*Q^5+0,0,0,0,0.0000078308*J1^2*Q^3+-0.0000117462*J1^1*Q^4+0.0000044048*Q^5+0,0,0},
{0,0,0,0,0,0,0,0,0,0,0,0,0,0,0,0,0,0,0,0,0,0,0,0,0,0,0,0,0,0,0,0,0,0,0,0,0,0,0,0,0,0,0,0,0,0,0,0,0,0,0,0,0,0,0,0,-0.0000067817*J1^2*Q^3+0.0000101725*J1^1*Q^4+-0.0000038147*Q^5+0,-0.0000078308*J1^2*Q^3+0.0000117462*J1^1*Q^4+-0.0000044048*Q^5+0,0,0,0.0000078308*J1^2*Q^3+-0.0000117462*J1^1*Q^4+0.0000044048*Q^5+0,0.0000090422*J1^2*Q^3+-0.0000135634*J1^1*Q^4+0.0000050863*Q^5+0,0,0},
{0,0,0,0,0,0,0,0,0,0,0,0,0,0,0,0,0,0,0,0,0,0,0,0,0,0,0,0,0,0,0,0,0,0,0,0,0,0,0,0,0,0,0,0,0,0,0,0,0,0,0,0,0,0,0,-0.0000067817*J1^2*Q^3+0.0000101725*J1^1*Q^4+-0.0000038147*Q^5+0,0,0,0,0,0,0,0,0},
{0,0,0,0,0,0,0,0,0,0,0,0,0,0,0,0,0,0,0,0,0,0,0,0,0,0,0,0,0,0,0,0,0,0,0,0,0,0,0,0,0,0,0,0,0,0,0,0,0,0,0,0,0,0,-0.0000067817*J1^2*Q^3+0.0000101725*J1^1*Q^4+-0.0000038147*Q^5+0,-0.0000078308*J1^2*Q^3+0.0000117462*J1^1*Q^4+-0.0000044048*Q^5+0,0,0,0,0,0,0,0,0},
{0,0,0,0,0,0,0,0,0,0,0,0,0,0,0,0,0,0,0,0,0,0,0,0,0,0,0,0,0,0,0,0,0,0,0,0,0,0,0,0,0,0,0,0,0,0,0,0,0,0,0,0,0,0.0000067817*J1^2*Q^3+-0.0000101725*J1^1*Q^4+0.0000038147*Q^5+0,0,0,0,0,0,0,0,0,0,0},
{0,0,0,0,0,0,0,0,0,0,0,0,0,0,0,0,0,0,0,0,0,0,0,0,0,0,0,0,0,0,0,0,0,0,0,0,0,0,0,0,0,0,0,0,0,0,0,0,0,0,0,0,0.0000067817*J1^2*Q^3+-0.0000101725*J1^1*Q^4+0.0000038147*Q^5+0,0.0000078308*J1^2*Q^3+-0.0000117462*J1^1*Q^4+0.0000044048*Q^5+0,0,0,0,0,0,0,0,0,0,0},
{0,0,0,0,0,0,0,0,0,0,0,0,0,0,0,0,0,0,0,0,0,0,0,0,0,0,0,0,0,0,0,0,0,0,0,0,0,0,0,0,0,0,0,0,0,0,0,0,0,0,0,-0.0000067817*J1^2*Q^3+0.0000101725*J1^1*Q^4+-0.0000038147*Q^5+0,0,0,0,0.0000078308*J1^2*Q^3+-0.0000117462*J1^1*Q^4+0.0000044048*Q^5+0,0,0,0,0,0,0,0,0},
{0,0,0,0,0,0,0,0,0,0,0,0,0,0,0,0,0,0,0,0,0,0,0,0,0,0,0,0,0,0,0,0,0,0,0,0,0,0,0,0,0,0,0,0,0,0,0,0,0,0,-0.0000067817*J1^2*Q^3+0.0000101725*J1^1*Q^4+-0.0000038147*Q^5+0,-0.0000078308*J1^2*Q^3+0.0000117462*J1^1*Q^4+-0.0000044048*Q^5+0,0,0,0.0000078308*J1^2*Q^3+-0.0000117462*J1^1*Q^4+0.0000044048*Q^5+0,0.0000090422*J1^2*Q^3+-0.0000135634*J1^1*Q^4+0.0000050863*Q^5+0,0,0,0,0,0,0,0,0},
{0,0,0,0,0,0,0,0,0,0,0,0,0,0,0,0,0,0,0,0,0,0,0,0,0,0,0,0,0,0,0,0,0,0,0,0,0,0,0,0,0,0,0,0,0,0,0,0,0,0.0000067817*J1^2*Q^3+-0.0000101725*J1^1*Q^4+0.0000038147*Q^5+0,0,0,0,-0.0000078308*J1^2*Q^3+0.0000117462*J1^1*Q^4+-0.0000044048*Q^5+0,0,0,0,0,0,0,0,0,0,0},
{0,0,0,0,0,0,0,0,0,0,0,0,0,0,0,0,0,0,0,0,0,0,0,0,0,0,0,0,0,0,0,0,0,0,0,0,0,0,0,0,0,0,0,0,0,0,0,0,0.0000067817*J1^2*Q^3+-0.0000101725*J1^1*Q^4+0.0000038147*Q^5+0,0.0000078308*J1^2*Q^3+-0.0000117462*J1^1*Q^4+0.0000044048*Q^5+0,0,0,-0.0000078308*J1^2*Q^3+0.0000117462*J1^1*Q^4+-0.0000044048*Q^5+0,-0.0000090422*J1^2*Q^3+0.0000135634*J1^1*Q^4+-0.0000050863*Q^5+0,0,0,0,0,0,0,0,0,0,0},
{0,0,0,0,0,0,0,0,0,0,0,0,0,0,0,0,0,0,0,0,0,0,0,0,0,0,0,0,0,0,0,0,0,0,0,0,0,0,0,0,0,0,0,0,0,0,0,0.0000067817*J1^2*Q^3+-0.0000101725*J1^1*Q^4+0.0000038147*Q^5+0,0,0,0,0,0,0,0,0,0,0,0,0,0,0,0,-0.0000078308*J1^2*Q^3+0.0000117462*J1^1*Q^4+-0.0000044048*Q^5+0},
{0,0,0,0,0,0,0,0,0,0,0,0,0,0,0,0,0,0,0,0,0,0,0,0,0,0,0,0,0,0,0,0,0,0,0,0,0,0,0,0,0,0,0,0,0,0,0.0000067817*J1^2*Q^3+-0.0000101725*J1^1*Q^4+0.0000038147*Q^5+0,0.0000078308*J1^2*Q^3+-0.0000117462*J1^1*Q^4+0.0000044048*Q^5+0,0,0,0,0,0,0,0,0,0,0,0,0,0,0,-0.0000078308*J1^2*Q^3+0.0000117462*J1^1*Q^4+-0.0000044048*Q^5+0,-0.0000090422*J1^2*Q^3+0.0000135634*J1^1*Q^4+-0.0000050863*Q^5+0},
{0,0,0,0,0,0,0,0,0,0,0,0,0,0,0,0,0,0,0,0,0,0,0,0,0,0,0,0,0,0,0,0,0,0,0,0,0,0,0,0,0,0,0,0,0,-0.0000067817*J1^2*Q^3+0.0000101725*J1^1*Q^4+-0.0000038147*Q^5+0,0,0,0,0,0,0,0,0,0,0,0,0,0,0,0,0.0000078308*J1^2*Q^3+-0.0000117462*J1^1*Q^4+0.0000044048*Q^5+0,0,0},
{0,0,0,0,0,0,0,0,0,0,0,0,0,0,0,0,0,0,0,0,0,0,0,0,0,0,0,0,0,0,0,0,0,0,0,0,0,0,0,0,0,0,0,0,-0.0000067817*J1^2*Q^3+0.0000101725*J1^1*Q^4+-0.0000038147*Q^5+0,-0.0000078308*J1^2*Q^3+0.0000117462*J1^1*Q^4+-0.0000044048*Q^5+0,0,0,0,0,0,0,0,0,0,0,0,0,0,0,0.0000078308*J1^2*Q^3+-0.0000117462*J1^1*Q^4+0.0000044048*Q^5+0,0.0000090422*J1^2*Q^3+-0.0000135634*J1^1*Q^4+0.0000050863*Q^5+0,0,0},
{0,0,0,0,0,0,0,0,0,0,0,0,0,0,0,0,0,0,0,0,0,0,0,0,0,0,0,0,0,0,0,0,0,0,0,0,0,0,0,0,0,0,0,0.0000067817*J1^2*Q^3+-0.0000101725*J1^1*Q^4+0.0000038147*Q^5+0,0,0,0,-0.0000078308*J1^2*Q^3+0.0000117462*J1^1*Q^4+-0.0000044048*Q^5+0,0,0,0,0,0,0,0,0,0,0,0,-0.0000078308*J1^2*Q^3+0.0000117462*J1^1*Q^4+-0.0000044048*Q^5+0,0,0,0,0.0000090422*J1^2*Q^3+-0.0000135634*J1^1*Q^4+0.0000050863*Q^5+0},
{0,0,0,0,0,0,0,0,0,0,0,0,0,0,0,0,0,0,0,0,0,0,0,0,0,0,0,0,0,0,0,0,0,0,0,0,0,0,0,0,0,0,0.0000067817*J1^2*Q^3+-0.0000101725*J1^1*Q^4+0.0000038147*Q^5+0,0.0000078308*J1^2*Q^3+-0.0000117462*J1^1*Q^4+0.0000044048*Q^5+0,0,0,-0.0000078308*J1^2*Q^3+0.0000117462*J1^1*Q^4+-0.0000044048*Q^5+0,-0.0000090422*J1^2*Q^3+0.0000135634*J1^1*Q^4+-0.0000050863*Q^5+0,0,0,0,0,0,0,0,0,0,0,-0.0000078308*J1^2*Q^3+0.0000117462*J1^1*Q^4+-0.0000044048*Q^5+0,-0.0000090422*J1^2*Q^3+0.0000135634*J1^1*Q^4+-0.0000050863*Q^5+0,0,0,0.0000090422*J1^2*Q^3+-0.0000135634*J1^1*Q^4+0.0000050863*Q^5+0,0.0000104411*J1^2*Q^3+-0.0000156616*J1^1*Q^4+0.0000058731*Q^5+0},
{0,0,0,0,0,0,0,0,0,0,0,0,0,0,0,0,0,0,0,0,0,0,0,0,0,0,0,0,0,0,0,0,0,0,0,0,0,0,0,0,0,-0.0000067817*J1^2*Q^3+0.0000101725*J1^1*Q^4+-0.0000038147*Q^5+0,0,0,0,0.0000078308*J1^2*Q^3+-0.0000117462*J1^1*Q^4+0.0000044048*Q^5+0,0,0,0,0,0,0,0,0,0,0,0,0.0000078308*J1^2*Q^3+-0.0000117462*J1^1*Q^4+0.0000044048*Q^5+0,0,0,0,-0.0000090422*J1^2*Q^3+0.0000135634*J1^1*Q^4+-0.0000050863*Q^5+0,0,0},
{0,0,0,0,0,0,0,0,0,0,0,0,0,0,0,0,0,0,0,0,0,0,0,0,0,0,0,0,0,0,0,0,0,0,0,0,0,0,0,0,-0.0000067817*J1^2*Q^3+0.0000101725*J1^1*Q^4+-0.0000038147*Q^5+0,-0.0000078308*J1^2*Q^3+0.0000117462*J1^1*Q^4+-0.0000044048*Q^5+0,0,0,0.0000078308*J1^2*Q^3+-0.0000117462*J1^1*Q^4+0.0000044048*Q^5+0,0.0000090422*J1^2*Q^3+-0.0000135634*J1^1*Q^4+0.0000050863*Q^5+0,0,0,0,0,0,0,0,0,0,0,0.0000078308*J1^2*Q^3+-0.0000117462*J1^1*Q^4+0.0000044048*Q^5+0,0.0000090422*J1^2*Q^3+-0.0000135634*J1^1*Q^4+0.0000050863*Q^5+0,0,0,-0.0000090422*J1^2*Q^3+0.0000135634*J1^1*Q^4+-0.0000050863*Q^5+0,-0.0000104411*J1^2*Q^3+0.0000156616*J1^1*Q^4+-0.0000058731*Q^5+0,0,0},
{0,0,0,0,0,0,0,0,0,0,0,0,0,0,0,0,0,0,0,0,0,0,0,0,0,0,0,0,0,0,0,0,0,0,0,0,0,0,0,-0.0000067817*J1^2*Q^3+0.0000101725*J1^1*Q^4+-0.0000038147*Q^5+0,0,0,0,0,0,0,0,0,0,0,0,0,0,0,0,0.0000078308*J1^2*Q^3+-0.0000117462*J1^1*Q^4+0.0000044048*Q^5+0,0,0,0,0,0,0,0,0},
{0,0,0,0,0,0,0,0,0,0,0,0,0,0,0,0,0,0,0,0,0,0,0,0,0,0,0,0,0,0,0,0,0,0,0,0,0,0,-0.0000067817*J1^2*Q^3+0.0000101725*J1^1*Q^4+-0.0000038147*Q^5+0,-0.0000078308*J1^2*Q^3+0.0000117462*J1^1*Q^4+-0.0000044048*Q^5+0,0,0,0,0,0,0,0,0,0,0,0,0,0,0,0.0000078308*J1^2*Q^3+-0.0000117462*J1^1*Q^4+0.0000044048*Q^5+0,0.0000090422*J1^2*Q^3+-0.0000135634*J1^1*Q^4+0.0000050863*Q^5+0,0,0,0,0,0,0,0,0},
{0,0,0,0,0,0,0,0,0,0,0,0,0,0,0,0,0,0,0,0,0,0,0,0,0,0,0,0,0,0,0,0,0,0,0,0,0,0.0000067817*J1^2*Q^3+-0.0000101725*J1^1*Q^4+0.0000038147*Q^5+0,0,0,0,0,0,0,0,0,0,0,0,0,0,0,0,-0.0000078308*J1^2*Q^3+0.0000117462*J1^1*Q^4+-0.0000044048*Q^5+0,0,0,0,0,0,0,0,0,0,0},
{0,0,0,0,0,0,0,0,0,0,0,0,0,0,0,0,0,0,0,0,0,0,0,0,0,0,0,0,0,0,0,0,0,0,0,0,0.0000067817*J1^2*Q^3+-0.0000101725*J1^1*Q^4+0.0000038147*Q^5+0,0.0000078308*J1^2*Q^3+-0.0000117462*J1^1*Q^4+0.0000044048*Q^5+0,0,0,0,0,0,0,0,0,0,0,0,0,0,0,-0.0000078308*J1^2*Q^3+0.0000117462*J1^1*Q^4+-0.0000044048*Q^5+0,-0.0000090422*J1^2*Q^3+0.0000135634*J1^1*Q^4+-0.0000050863*Q^5+0,0,0,0,0,0,0,0,0,0,0},
{0,0,0,0,0,0,0,0,0,0,0,0,0,0,0,0,0,0,0,0,0,0,0,0,0,0,0,0,0,0,0,0,0,0,0,-0.0000067817*J1^2*Q^3+0.0000101725*J1^1*Q^4+-0.0000038147*Q^5+0,0,0,0,0.0000078308*J1^2*Q^3+-0.0000117462*J1^1*Q^4+0.0000044048*Q^5+0,0,0,0,0,0,0,0,0,0,0,0,0.0000078308*J1^2*Q^3+-0.0000117462*J1^1*Q^4+0.0000044048*Q^5+0,0,0,0,-0.0000090422*J1^2*Q^3+0.0000135634*J1^1*Q^4+-0.0000050863*Q^5+0,0,0,0,0,0,0,0,0},
{0,0,0,0,0,0,0,0,0,0,0,0,0,0,0,0,0,0,0,0,0,0,0,0,0,0,0,0,0,0,0,0,0,0,-0.0000067817*J1^2*Q^3+0.0000101725*J1^1*Q^4+-0.0000038147*Q^5+0,-0.0000078308*J1^2*Q^3+0.0000117462*J1^1*Q^4+-0.0000044048*Q^5+0,0,0,0.0000078308*J1^2*Q^3+-0.0000117462*J1^1*Q^4+0.0000044048*Q^5+0,0.0000090422*J1^2*Q^3+-0.0000135634*J1^1*Q^4+0.0000050863*Q^5+0,0,0,0,0,0,0,0,0,0,0,0.0000078308*J1^2*Q^3+-0.0000117462*J1^1*Q^4+0.0000044048*Q^5+0,0.0000090422*J1^2*Q^3+-0.0000135634*J1^1*Q^4+0.0000050863*Q^5+0,0,0,-0.0000090422*J1^2*Q^3+0.0000135634*J1^1*Q^4+-0.0000050863*Q^5+0,-0.0000104411*J1^2*Q^3+0.0000156616*J1^1*Q^4+-0.0000058731*Q^5+0,0,0,0,0,0,0,0,0},
{0,0,0,0,0,0,0,0,0,0,0,0,0,0,0,0,0,0,0,0,0,0,0,0,0,0,0,0,0,0,0,0,0,0.0000067817*J1^2*Q^3+-0.0000101725*J1^1*Q^4+0.0000038147*Q^5+0,0,0,0,-0.0000078308*J1^2*Q^3+0.0000117462*J1^1*Q^4+-0.0000044048*Q^5+0,0,0,0,0,0,0,0,0,0,0,0,-0.0000078308*J1^2*Q^3+0.0000117462*J1^1*Q^4+-0.0000044048*Q^5+0,0,0,0,0.0000090422*J1^2*Q^3+-0.0000135634*J1^1*Q^4+0.0000050863*Q^5+0,0,0,0,0,0,0,0,0,0,0},
{0,0,0,0,0,0,0,0,0,0,0,0,0,0,0,0,0,0,0,0,0,0,0,0,0,0,0,0,0,0,0,0,0.0000067817*J1^2*Q^3+-0.0000101725*J1^1*Q^4+0.0000038147*Q^5+0,0.0000078308*J1^2*Q^3+-0.0000117462*J1^1*Q^4+0.0000044048*Q^5+0,0,0,-0.0000078308*J1^2*Q^3+0.0000117462*J1^1*Q^4+-0.0000044048*Q^5+0,-0.0000090422*J1^2*Q^3+0.0000135634*J1^1*Q^4+-0.0000050863*Q^5+0,0,0,0,0,0,0,0,0,0,0,-0.0000078308*J1^2*Q^3+0.0000117462*J1^1*Q^4+-0.0000044048*Q^5+0,-0.0000090422*J1^2*Q^3+0.0000135634*J1^1*Q^4+-0.0000050863*Q^5+0,0,0,0.0000090422*J1^2*Q^3+-0.0000135634*J1^1*Q^4+0.0000050863*Q^5+0,0.0000104411*J1^2*Q^3+-0.0000156616*J1^1*Q^4+0.0000058731*Q^5+0,0,0,0,0,0,0,0,0,0,0},
{0,0,0,0,0,0,0,0,0,0,0,0,0,0,0,0,0,0,0,0,0,0,0,0,0,0,0,0,0,0,0,0.0000067817*J1^2*Q^3+-0.0000101725*J1^1*Q^4+0.0000038147*Q^5+0,0,0,0,0,0,0,0,0,0,0,0,0,0,0,0,0,0,0,0,0,0,0,0,0,0,0,0,0,0,0,0,0.0000078308*J1^2*Q^3+-0.0000117462*J1^1*Q^4+0.0000044048*Q^5+0},
{0,0,0,0,0,0,0,0,0,0,0,0,0,0,0,0,0,0,0,0,0,0,0,0,0,0,0,0,0,0,0.0000067817*J1^2*Q^3+-0.0000101725*J1^1*Q^4+0.0000038147*Q^5+0,0.0000078308*J1^2*Q^3+-0.0000117462*J1^1*Q^4+0.0000044048*Q^5+0,0,0,0,0,0,0,0,0,0,0,0,0,0,0,0,0,0,0,0,0,0,0,0,0,0,0,0,0,0,0,0.0000078308*J1^2*Q^3+-0.0000117462*J1^1*Q^4+0.0000044048*Q^5+0,0.0000090422*J1^2*Q^3+-0.0000135634*J1^1*Q^4+0.0000050863*Q^5+0},
{0,0,0,0,0,0,0,0,0,0,0,0,0,0,0,0,0,0,0,0,0,0,0,0,0,0,0,0,0,-0.0000067817*J1^2*Q^3+0.0000101725*J1^1*Q^4+-0.0000038147*Q^5+0,0,0,0,0,0,0,0,0,0,0,0,0,0,0,0,0,0,0,0,0,0,0,0,0,0,0,0,0,0,0,0,-0.0000078308*J1^2*Q^3+0.0000117462*J1^1*Q^4+-0.0000044048*Q^5+0,0,0},
{0,0,0,0,0,0,0,0,0,0,0,0,0,0,0,0,0,0,0,0,0,0,0,0,0,0,0,0,-0.0000067817*J1^2*Q^3+0.0000101725*J1^1*Q^4+-0.0000038147*Q^5+0,-0.0000078308*J1^2*Q^3+0.0000117462*J1^1*Q^4+-0.0000044048*Q^5+0,0,0,0,0,0,0,0,0,0,0,0,0,0,0,0,0,0,0,0,0,0,0,0,0,0,0,0,0,0,0,-0.0000078308*J1^2*Q^3+0.0000117462*J1^1*Q^4+-0.0000044048*Q^5+0,-0.0000090422*J1^2*Q^3+0.0000135634*J1^1*Q^4+-0.0000050863*Q^5+0,0,0},
{0,0,0,0,0,0,0,0,0,0,0,0,0,0,0,0,0,0,0,0,0,0,0,0,0,0,0,0.0000067817*J1^2*Q^3+-0.0000101725*J1^1*Q^4+0.0000038147*Q^5+0,0,0,0,-0.0000078308*J1^2*Q^3+0.0000117462*J1^1*Q^4+-0.0000044048*Q^5+0,0,0,0,0,0,0,0,0,0,0,0,0,0,0,0,0,0,0,0,0,0,0,0,0,0,0,0,0.0000078308*J1^2*Q^3+-0.0000117462*J1^1*Q^4+0.0000044048*Q^5+0,0,0,0,-0.0000090422*J1^2*Q^3+0.0000135634*J1^1*Q^4+-0.0000050863*Q^5+0},
{0,0,0,0,0,0,0,0,0,0,0,0,0,0,0,0,0,0,0,0,0,0,0,0,0,0,0.0000067817*J1^2*Q^3+-0.0000101725*J1^1*Q^4+0.0000038147*Q^5+0,0.0000078308*J1^2*Q^3+-0.0000117462*J1^1*Q^4+0.0000044048*Q^5+0,0,0,-0.0000078308*J1^2*Q^3+0.0000117462*J1^1*Q^4+-0.0000044048*Q^5+0,-0.0000090422*J1^2*Q^3+0.0000135634*J1^1*Q^4+-0.0000050863*Q^5+0,0,0,0,0,0,0,0,0,0,0,0,0,0,0,0,0,0,0,0,0,0,0,0,0,0,0,0.0000078308*J1^2*Q^3+-0.0000117462*J1^1*Q^4+0.0000044048*Q^5+0,0.0000090422*J1^2*Q^3+-0.0000135634*J1^1*Q^4+0.0000050863*Q^5+0,0,0,-0.0000090422*J1^2*Q^3+0.0000135634*J1^1*Q^4+-0.0000050863*Q^5+0,-0.0000104411*J1^2*Q^3+0.0000156616*J1^1*Q^4+-0.0000058731*Q^5+0},
{0,0,0,0,0,0,0,0,0,0,0,0,0,0,0,0,0,0,0,0,0,0,0,0,0,-0.0000067817*J1^2*Q^3+0.0000101725*J1^1*Q^4+-0.0000038147*Q^5+0,0,0,0,0.0000078308*J1^2*Q^3+-0.0000117462*J1^1*Q^4+0.0000044048*Q^5+0,0,0,0,0,0,0,0,0,0,0,0,0,0,0,0,0,0,0,0,0,0,0,0,0,0,0,0,-0.0000078308*J1^2*Q^3+0.0000117462*J1^1*Q^4+-0.0000044048*Q^5+0,0,0,0,0.0000090422*J1^2*Q^3+-0.0000135634*J1^1*Q^4+0.0000050863*Q^5+0,0,0},
{0,0,0,0,0,0,0,0,0,0,0,0,0,0,0,0,0,0,0,0,0,0,0,0,-0.0000067817*J1^2*Q^3+0.0000101725*J1^1*Q^4+-0.0000038147*Q^5+0,-0.0000078308*J1^2*Q^3+0.0000117462*J1^1*Q^4+-0.0000044048*Q^5+0,0,0,0.0000078308*J1^2*Q^3+-0.0000117462*J1^1*Q^4+0.0000044048*Q^5+0,0.0000090422*J1^2*Q^3+-0.0000135634*J1^1*Q^4+0.0000050863*Q^5+0,0,0,0,0,0,0,0,0,0,0,0,0,0,0,0,0,0,0,0,0,0,0,0,0,0,0,-0.0000078308*J1^2*Q^3+0.0000117462*J1^1*Q^4+-0.0000044048*Q^5+0,-0.0000090422*J1^2*Q^3+0.0000135634*J1^1*Q^4+-0.0000050863*Q^5+0,0,0,0.0000090422*J1^2*Q^3+-0.0000135634*J1^1*Q^4+0.0000050863*Q^5+0,0.0000104411*J1^2*Q^3+-0.0000156616*J1^1*Q^4+0.0000058731*Q^5+0,0,0},
{0,0,0,0,0,0,0,0,0,0,0,0,0,0,0,0,0,0,0,0,0,0,0,-0.0000067817*J1^2*Q^3+0.0000101725*J1^1*Q^4+-0.0000038147*Q^5+0,0,0,0,0,0,0,0,0,0,0,0,0,0,0,0,0,0,0,0,0,0,0,0,0,0,0,0,0,0,0,0,-0.0000078308*J1^2*Q^3+0.0000117462*J1^1*Q^4+-0.0000044048*Q^5+0,0,0,0,0,0,0,0,0},
{0,0,0,0,0,0,0,0,0,0,0,0,0,0,0,0,0,0,0,0,0,0,-0.0000067817*J1^2*Q^3+0.0000101725*J1^1*Q^4+-0.0000038147*Q^5+0,-0.0000078308*J1^2*Q^3+0.0000117462*J1^1*Q^4+-0.0000044048*Q^5+0,0,0,0,0,0,0,0,0,0,0,0,0,0,0,0,0,0,0,0,0,0,0,0,0,0,0,0,0,0,0,-0.0000078308*J1^2*Q^3+0.0000117462*J1^1*Q^4+-0.0000044048*Q^5+0,-0.0000090422*J1^2*Q^3+0.0000135634*J1^1*Q^4+-0.0000050863*Q^5+0,0,0,0,0,0,0,0,0},
{0,0,0,0,0,0,0,0,0,0,0,0,0,0,0,0,0,0,0,0,0,0.0000067817*J1^2*Q^3+-0.0000101725*J1^1*Q^4+0.0000038147*Q^5+0,0,0,0,0,0,0,0,0,0,0,0,0,0,0,0,0,0,0,0,0,0,0,0,0,0,0,0,0,0,0,0,0.0000078308*J1^2*Q^3+-0.0000117462*J1^1*Q^4+0.0000044048*Q^5+0,0,0,0,0,0,0,0,0,0,0},
{0,0,0,0,0,0,0,0,0,0,0,0,0,0,0,0,0,0,0,0,0.0000067817*J1^2*Q^3+-0.0000101725*J1^1*Q^4+0.0000038147*Q^5+0,0.0000078308*J1^2*Q^3+-0.0000117462*J1^1*Q^4+0.0000044048*Q^5+0,0,0,0,0,0,0,0,0,0,0,0,0,0,0,0,0,0,0,0,0,0,0,0,0,0,0,0,0,0,0,0.0000078308*J1^2*Q^3+-0.0000117462*J1^1*Q^4+0.0000044048*Q^5+0,0.0000090422*J1^2*Q^3+-0.0000135634*J1^1*Q^4+0.0000050863*Q^5+0,0,0,0,0,0,0,0,0,0,0},
{0,0,0,0,0,0,0,0,0,0,0,0,0,0,0,0,0,0,0,-0.0000067817*J1^2*Q^3+0.0000101725*J1^1*Q^4+-0.0000038147*Q^5+0,0,0,0,0.0000078308*J1^2*Q^3+-0.0000117462*J1^1*Q^4+0.0000044048*Q^5+0,0,0,0,0,0,0,0,0,0,0,0,0,0,0,0,0,0,0,0,0,0,0,0,0,0,0,0,-0.0000078308*J1^2*Q^3+0.0000117462*J1^1*Q^4+-0.0000044048*Q^5+0,0,0,0,0.0000090422*J1^2*Q^3+-0.0000135634*J1^1*Q^4+0.0000050863*Q^5+0,0,0,0,0,0,0,0,0},
{0,0,0,0,0,0,0,0,0,0,0,0,0,0,0,0,0,0,-0.0000067817*J1^2*Q^3+0.0000101725*J1^1*Q^4+-0.0000038147*Q^5+0,-0.0000078308*J1^2*Q^3+0.0000117462*J1^1*Q^4+-0.0000044048*Q^5+0,0,0,0.0000078308*J1^2*Q^3+-0.0000117462*J1^1*Q^4+0.0000044048*Q^5+0,0.0000090422*J1^2*Q^3+-0.0000135634*J1^1*Q^4+0.0000050863*Q^5+0,0,0,0,0,0,0,0,0,0,0,0,0,0,0,0,0,0,0,0,0,0,0,0,0,0,0,-0.0000078308*J1^2*Q^3+0.0000117462*J1^1*Q^4+-0.0000044048*Q^5+0,-0.0000090422*J1^2*Q^3+0.0000135634*J1^1*Q^4+-0.0000050863*Q^5+0,0,0,0.0000090422*J1^2*Q^3+-0.0000135634*J1^1*Q^4+0.0000050863*Q^5+0,0.0000104411*J1^2*Q^3+-0.0000156616*J1^1*Q^4+0.0000058731*Q^5+0,0,0,0,0,0,0,0,0},
{0,0,0,0,0,0,0,0,0,0,0,0,0,0,0,0,0,0.0000067817*J1^2*Q^3+-0.0000101725*J1^1*Q^4+0.0000038147*Q^5+0,0,0,0,-0.0000078308*J1^2*Q^3+0.0000117462*J1^1*Q^4+-0.0000044048*Q^5+0,0,0,0,0,0,0,0,0,0,0,0,0,0,0,0,0,0,0,0,0,0,0,0,0,0,0,0,0.0000078308*J1^2*Q^3+-0.0000117462*J1^1*Q^4+0.0000044048*Q^5+0,0,0,0,-0.0000090422*J1^2*Q^3+0.0000135634*J1^1*Q^4+-0.0000050863*Q^5+0,0,0,0,0,0,0,0,0,0,0},
{0,0,0,0,0,0,0,0,0,0,0,0,0,0,0,0,0.0000067817*J1^2*Q^3+-0.0000101725*J1^1*Q^4+0.0000038147*Q^5+0,0.0000078308*J1^2*Q^3+-0.0000117462*J1^1*Q^4+0.0000044048*Q^5+0,0,0,-0.0000078308*J1^2*Q^3+0.0000117462*J1^1*Q^4+-0.0000044048*Q^5+0,-0.0000090422*J1^2*Q^3+0.0000135634*J1^1*Q^4+-0.0000050863*Q^5+0,0,0,0,0,0,0,0,0,0,0,0,0,0,0,0,0,0,0,0,0,0,0,0,0,0,0,0.0000078308*J1^2*Q^3+-0.0000117462*J1^1*Q^4+0.0000044048*Q^5+0,0.0000090422*J1^2*Q^3+-0.0000135634*J1^1*Q^4+0.0000050863*Q^5+0,0,0,-0.0000090422*J1^2*Q^3+0.0000135634*J1^1*Q^4+-0.0000050863*Q^5+0,-0.0000104411*J1^2*Q^3+0.0000156616*J1^1*Q^4+-0.0000058731*Q^5+0,0,0,0,0,0,0,0,0,0,0},
{0,0,0,0,0,0,0,0,0,0,0,0,0,0,0,0.0000067817*J1^2*Q^3+-0.0000101725*J1^1*Q^4+0.0000038147*Q^5+0,0,0,0,0,0,0,0,0,0,0,0,0,0,0,0,-0.0000078308*J1^2*Q^3+0.0000117462*J1^1*Q^4+-0.0000044048*Q^5+0,0,0,0,0,0,0,0,0,0,0,0,0,0,0,0,0.0000078308*J1^2*Q^3+-0.0000117462*J1^1*Q^4+0.0000044048*Q^5+0,0,0,0,0,0,0,0,0,0,0,0,0,0,0,0,-0.0000090422*J1^2*Q^3+0.0000135634*J1^1*Q^4+-0.0000050863*Q^5+0},
{0,0,0,0,0,0,0,0,0,0,0,0,0,0,0.0000067817*J1^2*Q^3+-0.0000101725*J1^1*Q^4+0.0000038147*Q^5+0,0.0000078308*J1^2*Q^3+-0.0000117462*J1^1*Q^4+0.0000044048*Q^5+0,0,0,0,0,0,0,0,0,0,0,0,0,0,0,-0.0000078308*J1^2*Q^3+0.0000117462*J1^1*Q^4+-0.0000044048*Q^5+0,-0.0000090422*J1^2*Q^3+0.0000135634*J1^1*Q^4+-0.0000050863*Q^5+0,0,0,0,0,0,0,0,0,0,0,0,0,0,0,0.0000078308*J1^2*Q^3+-0.0000117462*J1^1*Q^4+0.0000044048*Q^5+0,0.0000090422*J1^2*Q^3+-0.0000135634*J1^1*Q^4+0.0000050863*Q^5+0,0,0,0,0,0,0,0,0,0,0,0,0,0,0,-0.0000090422*J1^2*Q^3+0.0000135634*J1^1*Q^4+-0.0000050863*Q^5+0,-0.0000104411*J1^2*Q^3+0.0000156616*J1^1*Q^4+-0.0000058731*Q^5+0},
{0,0,0,0,0,0,0,0,0,0,0,0,0,-0.0000067817*J1^2*Q^3+0.0000101725*J1^1*Q^4+-0.0000038147*Q^5+0,0,0,0,0,0,0,0,0,0,0,0,0,0,0,0,0.0000078308*J1^2*Q^3+-0.0000117462*J1^1*Q^4+0.0000044048*Q^5+0,0,0,0,0,0,0,0,0,0,0,0,0,0,0,0,-0.0000078308*J1^2*Q^3+0.0000117462*J1^1*Q^4+-0.0000044048*Q^5+0,0,0,0,0,0,0,0,0,0,0,0,0,0,0,0,0.0000090422*J1^2*Q^3+-0.0000135634*J1^1*Q^4+0.0000050863*Q^5+0,0,0},
{0,0,0,0,0,0,0,0,0,0,0,0,-0.0000067817*J1^2*Q^3+0.0000101725*J1^1*Q^4+-0.0000038147*Q^5+0,-0.0000078308*J1^2*Q^3+0.0000117462*J1^1*Q^4+-0.0000044048*Q^5+0,0,0,0,0,0,0,0,0,0,0,0,0,0,0,0.0000078308*J1^2*Q^3+-0.0000117462*J1^1*Q^4+0.0000044048*Q^5+0,0.0000090422*J1^2*Q^3+-0.0000135634*J1^1*Q^4+0.0000050863*Q^5+0,0,0,0,0,0,0,0,0,0,0,0,0,0,0,-0.0000078308*J1^2*Q^3+0.0000117462*J1^1*Q^4+-0.0000044048*Q^5+0,-0.0000090422*J1^2*Q^3+0.0000135634*J1^1*Q^4+-0.0000050863*Q^5+0,0,0,0,0,0,0,0,0,0,0,0,0,0,0,0.0000090422*J1^2*Q^3+-0.0000135634*J1^1*Q^4+0.0000050863*Q^5+0,0.0000104411*J1^2*Q^3+-0.0000156616*J1^1*Q^4+0.0000058731*Q^5+0,0,0},
{0,0,0,0,0,0,0,0,0,0,0,0.0000067817*J1^2*Q^3+-0.0000101725*J1^1*Q^4+0.0000038147*Q^5+0,0,0,0,-0.0000078308*J1^2*Q^3+0.0000117462*J1^1*Q^4+-0.0000044048*Q^5+0,0,0,0,0,0,0,0,0,0,0,0,-0.0000078308*J1^2*Q^3+0.0000117462*J1^1*Q^4+-0.0000044048*Q^5+0,0,0,0,0.0000090422*J1^2*Q^3+-0.0000135634*J1^1*Q^4+0.0000050863*Q^5+0,0,0,0,0,0,0,0,0,0,0,0,0.0000078308*J1^2*Q^3+-0.0000117462*J1^1*Q^4+0.0000044048*Q^5+0,0,0,0,-0.0000090422*J1^2*Q^3+0.0000135634*J1^1*Q^4+-0.0000050863*Q^5+0,0,0,0,0,0,0,0,0,0,0,0,-0.0000090422*J1^2*Q^3+0.0000135634*J1^1*Q^4+-0.0000050863*Q^5+0,0,0,0,0.0000104411*J1^2*Q^3+-0.0000156616*J1^1*Q^4+0.0000058731*Q^5+0},
{0,0,0,0,0,0,0,0,0,0,0.0000067817*J1^2*Q^3+-0.0000101725*J1^1*Q^4+0.0000038147*Q^5+0,0.0000078308*J1^2*Q^3+-0.0000117462*J1^1*Q^4+0.0000044048*Q^5+0,0,0,-0.0000078308*J1^2*Q^3+0.0000117462*J1^1*Q^4+-0.0000044048*Q^5+0,-0.0000090422*J1^2*Q^3+0.0000135634*J1^1*Q^4+-0.0000050863*Q^5+0,0,0,0,0,0,0,0,0,0,0,-0.0000078308*J1^2*Q^3+0.0000117462*J1^1*Q^4+-0.0000044048*Q^5+0,-0.0000090422*J1^2*Q^3+0.0000135634*J1^1*Q^4+-0.0000050863*Q^5+0,0,0,0.0000090422*J1^2*Q^3+-0.0000135634*J1^1*Q^4+0.0000050863*Q^5+0,0.0000104411*J1^2*Q^3+-0.0000156616*J1^1*Q^4+0.0000058731*Q^5+0,0,0,0,0,0,0,0,0,0,0,0.0000078308*J1^2*Q^3+-0.0000117462*J1^1*Q^4+0.0000044048*Q^5+0,0.0000090422*J1^2*Q^3+-0.0000135634*J1^1*Q^4+0.0000050863*Q^5+0,0,0,-0.0000090422*J1^2*Q^3+0.0000135634*J1^1*Q^4+-0.0000050863*Q^5+0,-0.0000104411*J1^2*Q^3+0.0000156616*J1^1*Q^4+-0.0000058731*Q^5+0,0,0,0,0,0,0,0,0,0,0,-0.0000090422*J1^2*Q^3+0.0000135634*J1^1*Q^4+-0.0000050863*Q^5+0,-0.0000104411*J1^2*Q^3+0.0000156616*J1^1*Q^4+-0.0000058731*Q^5+0,0,0,0.0000104411*J1^2*Q^3+-0.0000156616*J1^1*Q^4+0.0000058731*Q^5+0,0.0000120563*J1^2*Q^3+-0.0000180845*J1^1*Q^4+0.0000067817*Q^5+0},
{0,0,0,0,0,0,0,0,0,-0.0000067817*J1^2*Q^3+0.0000101725*J1^1*Q^4+-0.0000038147*Q^5+0,0,0,0,0.0000078308*J1^2*Q^3+-0.0000117462*J1^1*Q^4+0.0000044048*Q^5+0,0,0,0,0,0,0,0,0,0,0,0,0.0000078308*J1^2*Q^3+-0.0000117462*J1^1*Q^4+0.0000044048*Q^5+0,0,0,0,-0.0000090422*J1^2*Q^3+0.0000135634*J1^1*Q^4+-0.0000050863*Q^5+0,0,0,0,0,0,0,0,0,0,0,0,-0.0000078308*J1^2*Q^3+0.0000117462*J1^1*Q^4+-0.0000044048*Q^5+0,0,0,0,0.0000090422*J1^2*Q^3+-0.0000135634*J1^1*Q^4+0.0000050863*Q^5+0,0,0,0,0,0,0,0,0,0,0,0,0.0000090422*J1^2*Q^3+-0.0000135634*J1^1*Q^4+0.0000050863*Q^5+0,0,0,0,-0.0000104411*J1^2*Q^3+0.0000156616*J1^1*Q^4+-0.0000058731*Q^5+0,0,0},
{0,0,0,0,0,0,0,0,-0.0000067817*J1^2*Q^3+0.0000101725*J1^1*Q^4+-0.0000038147*Q^5+0,-0.0000078308*J1^2*Q^3+0.0000117462*J1^1*Q^4+-0.0000044048*Q^5+0,0,0,0.0000078308*J1^2*Q^3+-0.0000117462*J1^1*Q^4+0.0000044048*Q^5+0,0.0000090422*J1^2*Q^3+-0.0000135634*J1^1*Q^4+0.0000050863*Q^5+0,0,0,0,0,0,0,0,0,0,0,0.0000078308*J1^2*Q^3+-0.0000117462*J1^1*Q^4+0.0000044048*Q^5+0,0.0000090422*J1^2*Q^3+-0.0000135634*J1^1*Q^4+0.0000050863*Q^5+0,0,0,-0.0000090422*J1^2*Q^3+0.0000135634*J1^1*Q^4+-0.0000050863*Q^5+0,-0.0000104411*J1^2*Q^3+0.0000156616*J1^1*Q^4+-0.0000058731*Q^5+0,0,0,0,0,0,0,0,0,0,0,-0.0000078308*J1^2*Q^3+0.0000117462*J1^1*Q^4+-0.0000044048*Q^5+0,-0.0000090422*J1^2*Q^3+0.0000135634*J1^1*Q^4+-0.0000050863*Q^5+0,0,0,0.0000090422*J1^2*Q^3+-0.0000135634*J1^1*Q^4+0.0000050863*Q^5+0,0.0000104411*J1^2*Q^3+-0.0000156616*J1^1*Q^4+0.0000058731*Q^5+0,0,0,0,0,0,0,0,0,0,0,0.0000090422*J1^2*Q^3+-0.0000135634*J1^1*Q^4+0.0000050863*Q^5+0,0.0000104411*J1^2*Q^3+-0.0000156616*J1^1*Q^4+0.0000058731*Q^5+0,0,0,-0.0000104411*J1^2*Q^3+0.0000156616*J1^1*Q^4+-0.0000058731*Q^5+0,-0.0000120563*J1^2*Q^3+0.0000180845*J1^1*Q^4+-0.0000067817*Q^5+0,0,0},
{0,0,0,0,0,0,0,-0.0000067817*J1^2*Q^3+0.0000101725*J1^1*Q^4+-0.0000038147*Q^5+0,0,0,0,0,0,0,0,0,0,0,0,0,0,0,0,0.0000078308*J1^2*Q^3+-0.0000117462*J1^1*Q^4+0.0000044048*Q^5+0,0,0,0,0,0,0,0,0,0,0,0,0,0,0,0,-0.0000078308*J1^2*Q^3+0.0000117462*J1^1*Q^4+-0.0000044048*Q^5+0,0,0,0,0,0,0,0,0,0,0,0,0,0,0,0,0.0000090422*J1^2*Q^3+-0.0000135634*J1^1*Q^4+0.0000050863*Q^5+0,0,0,0,0,0,0,0,0},
{0,0,0,0,0,0,-0.0000067817*J1^2*Q^3+0.0000101725*J1^1*Q^4+-0.0000038147*Q^5+0,-0.0000078308*J1^2*Q^3+0.0000117462*J1^1*Q^4+-0.0000044048*Q^5+0,0,0,0,0,0,0,0,0,0,0,0,0,0,0,0.0000078308*J1^2*Q^3+-0.0000117462*J1^1*Q^4+0.0000044048*Q^5+0,0.0000090422*J1^2*Q^3+-0.0000135634*J1^1*Q^4+0.0000050863*Q^5+0,0,0,0,0,0,0,0,0,0,0,0,0,0,0,-0.0000078308*J1^2*Q^3+0.0000117462*J1^1*Q^4+-0.0000044048*Q^5+0,-0.0000090422*J1^2*Q^3+0.0000135634*J1^1*Q^4+-0.0000050863*Q^5+0,0,0,0,0,0,0,0,0,0,0,0,0,0,0,0.0000090422*J1^2*Q^3+-0.0000135634*J1^1*Q^4+0.0000050863*Q^5+0,0.0000104411*J1^2*Q^3+-0.0000156616*J1^1*Q^4+0.0000058731*Q^5+0,0,0,0,0,0,0,0,0},
{0,0,0,0,0,0.0000067817*J1^2*Q^3+-0.0000101725*J1^1*Q^4+0.0000038147*Q^5+0,0,0,0,0,0,0,0,0,0,0,0,0,0,0,0,-0.0000078308*J1^2*Q^3+0.0000117462*J1^1*Q^4+-0.0000044048*Q^5+0,0,0,0,0,0,0,0,0,0,0,0,0,0,0,0,0.0000078308*J1^2*Q^3+-0.0000117462*J1^1*Q^4+0.0000044048*Q^5+0,0,0,0,0,0,0,0,0,0,0,0,0,0,0,0,-0.0000090422*J1^2*Q^3+0.0000135634*J1^1*Q^4+-0.0000050863*Q^5+0,0,0,0,0,0,0,0,0,0,0},
{0,0,0,0,0.0000067817*J1^2*Q^3+-0.0000101725*J1^1*Q^4+0.0000038147*Q^5+0,0.0000078308*J1^2*Q^3+-0.0000117462*J1^1*Q^4+0.0000044048*Q^5+0,0,0,0,0,0,0,0,0,0,0,0,0,0,0,-0.0000078308*J1^2*Q^3+0.0000117462*J1^1*Q^4+-0.0000044048*Q^5+0,-0.0000090422*J1^2*Q^3+0.0000135634*J1^1*Q^4+-0.0000050863*Q^5+0,0,0,0,0,0,0,0,0,0,0,0,0,0,0,0.0000078308*J1^2*Q^3+-0.0000117462*J1^1*Q^4+0.0000044048*Q^5+0,0.0000090422*J1^2*Q^3+-0.0000135634*J1^1*Q^4+0.0000050863*Q^5+0,0,0,0,0,0,0,0,0,0,0,0,0,0,0,-0.0000090422*J1^2*Q^3+0.0000135634*J1^1*Q^4+-0.0000050863*Q^5+0,-0.0000104411*J1^2*Q^3+0.0000156616*J1^1*Q^4+-0.0000058731*Q^5+0,0,0,0,0,0,0,0,0,0,0},
{0,0,0,-0.0000067817*J1^2*Q^3+0.0000101725*J1^1*Q^4+-0.0000038147*Q^5+0,0,0,0,0.0000078308*J1^2*Q^3+-0.0000117462*J1^1*Q^4+0.0000044048*Q^5+0,0,0,0,0,0,0,0,0,0,0,0,0.0000078308*J1^2*Q^3+-0.0000117462*J1^1*Q^4+0.0000044048*Q^5+0,0,0,0,-0.0000090422*J1^2*Q^3+0.0000135634*J1^1*Q^4+-0.0000050863*Q^5+0,0,0,0,0,0,0,0,0,0,0,0,-0.0000078308*J1^2*Q^3+0.0000117462*J1^1*Q^4+-0.0000044048*Q^5+0,0,0,0,0.0000090422*J1^2*Q^3+-0.0000135634*J1^1*Q^4+0.0000050863*Q^5+0,0,0,0,0,0,0,0,0,0,0,0,0.0000090422*J1^2*Q^3+-0.0000135634*J1^1*Q^4+0.0000050863*Q^5+0,0,0,0,-0.0000104411*J1^2*Q^3+0.0000156616*J1^1*Q^4+-0.0000058731*Q^5+0,0,0,0,0,0,0,0,0},
{0,0,-0.0000067817*J1^2*Q^3+0.0000101725*J1^1*Q^4+-0.0000038147*Q^5+0,-0.0000078308*J1^2*Q^3+0.0000117462*J1^1*Q^4+-0.0000044048*Q^5+0,0,0,0.0000078308*J1^2*Q^3+-0.0000117462*J1^1*Q^4+0.0000044048*Q^5+0,0.0000090422*J1^2*Q^3+-0.0000135634*J1^1*Q^4+0.0000050863*Q^5+0,0,0,0,0,0,0,0,0,0,0,0.0000078308*J1^2*Q^3+-0.0000117462*J1^1*Q^4+0.0000044048*Q^5+0,0.0000090422*J1^2*Q^3+-0.0000135634*J1^1*Q^4+0.0000050863*Q^5+0,0,0,-0.0000090422*J1^2*Q^3+0.0000135634*J1^1*Q^4+-0.0000050863*Q^5+0,-0.0000104411*J1^2*Q^3+0.0000156616*J1^1*Q^4+-0.0000058731*Q^5+0,0,0,0,0,0,0,0,0,0,0,-0.0000078308*J1^2*Q^3+0.0000117462*J1^1*Q^4+-0.0000044048*Q^5+0,-0.0000090422*J1^2*Q^3+0.0000135634*J1^1*Q^4+-0.0000050863*Q^5+0,0,0,0.0000090422*J1^2*Q^3+-0.0000135634*J1^1*Q^4+0.0000050863*Q^5+0,0.0000104411*J1^2*Q^3+-0.0000156616*J1^1*Q^4+0.0000058731*Q^5+0,0,0,0,0,0,0,0,0,0,0,0.0000090422*J1^2*Q^3+-0.0000135634*J1^1*Q^4+0.0000050863*Q^5+0,0.0000104411*J1^2*Q^3+-0.0000156616*J1^1*Q^4+0.0000058731*Q^5+0,0,0,-0.0000104411*J1^2*Q^3+0.0000156616*J1^1*Q^4+-0.0000058731*Q^5+0,-0.0000120563*J1^2*Q^3+0.0000180845*J1^1*Q^4+-0.0000067817*Q^5+0,0,0,0,0,0,0,0,0},
{0,0.0000067817*J1^2*Q^3+-0.0000101725*J1^1*Q^4+0.0000038147*Q^5+0,0,0,0,-0.0000078308*J1^2*Q^3+0.0000117462*J1^1*Q^4+-0.0000044048*Q^5+0,0,0,0,0,0,0,0,0,0,0,0,-0.0000078308*J1^2*Q^3+0.0000117462*J1^1*Q^4+-0.0000044048*Q^5+0,0,0,0,0.0000090422*J1^2*Q^3+-0.0000135634*J1^1*Q^4+0.0000050863*Q^5+0,0,0,0,0,0,0,0,0,0,0,0,0.0000078308*J1^2*Q^3+-0.0000117462*J1^1*Q^4+0.0000044048*Q^5+0,0,0,0,-0.0000090422*J1^2*Q^3+0.0000135634*J1^1*Q^4+-0.0000050863*Q^5+0,0,0,0,0,0,0,0,0,0,0,0,-0.0000090422*J1^2*Q^3+0.0000135634*J1^1*Q^4+-0.0000050863*Q^5+0,0,0,0,0.0000104411*J1^2*Q^3+-0.0000156616*J1^1*Q^4+0.0000058731*Q^5+0,0,0,0,0,0,0,0,0,0,0},
{0.0000067817*J1^2*Q^3+-0.0000101725*J1^1*Q^4+0.0000038147*Q^5+0,0.0000078308*J1^2*Q^3+-0.0000117462*J1^1*Q^4+0.0000044048*Q^5+0,0,0,-0.0000078308*J1^2*Q^3+0.0000117462*J1^1*Q^4+-0.0000044048*Q^5+0,-0.0000090422*J1^2*Q^3+0.0000135634*J1^1*Q^4+-0.0000050863*Q^5+0,0,0,0,0,0,0,0,0,0,0,-0.0000078308*J1^2*Q^3+0.0000117462*J1^1*Q^4+-0.0000044048*Q^5+0,-0.0000090422*J1^2*Q^3+0.0000135634*J1^1*Q^4+-0.0000050863*Q^5+0,0,0,0.0000090422*J1^2*Q^3+-0.0000135634*J1^1*Q^4+0.0000050863*Q^5+0,0.0000104411*J1^2*Q^3+-0.0000156616*J1^1*Q^4+0.0000058731*Q^5+0,0,0,0,0,0,0,0,0,0,0,0.0000078308*J1^2*Q^3+-0.0000117462*J1^1*Q^4+0.0000044048*Q^5+0,0.0000090422*J1^2*Q^3+-0.0000135634*J1^1*Q^4+0.0000050863*Q^5+0,0,0,-0.0000090422*J1^2*Q^3+0.0000135634*J1^1*Q^4+-0.0000050863*Q^5+0,-0.0000104411*J1^2*Q^3+0.0000156616*J1^1*Q^4+-0.0000058731*Q^5+0,0,0,0,0,0,0,0,0,0,0,-0.0000090422*J1^2*Q^3+0.0000135634*J1^1*Q^4+-0.0000050863*Q^5+0,-0.0000104411*J1^2*Q^3+0.0000156616*J1^1*Q^4+-0.0000058731*Q^5+0,0,0,0.0000104411*J1^2*Q^3+-0.0000156616*J1^1*Q^4+0.0000058731*Q^5+0,0.0000120563*J1^2*Q^3+-0.0000180845*J1^1*Q^4+0.0000067817*Q^5+0,0,0,0,0,0,0,0,0,0,0}
}