64
{{0,0,0,0,0,0,0,0,0,0,0,0,0,0,0,0,0,0,0,0,0,0,0,0,0,0,0,0,0,0,0,0,0,0,0,0,0,0,0,0,0,0,0,0,0,0,0,0,0,0,0.0000389552*J1^1*Q^4+-0.0000268764*Q^5+0,0,0,0,0,0,0,0,0.0000224908*J1^1*Q^4+-0.0000155171*Q^5+0,0,0,0,0,0},
{0,0,0,0,0,0,0,0,0,0,0,0,0,0,0,0,0,0,0,0,0,0,0,0,0,0,0,0,0,0,0,0,0,0,0,0,0,0,0,0,0,0,0,0,0,0,0,0,0,0,0,0.0000389552*J1^1*Q^4+-0.0000268764*Q^5+0,0,0,0,0,0,0,0,0.0000224908*J1^1*Q^4+-0.0000155171*Q^5+0,0,0,0,0},
{0,0,0,0,0,0,0,0,0,0,0,0,0,0,0,0,0,0,0,0,0,0,0,0,0,0,0,0,0,0,0,0,0,0,0,0,0,0,0,0,0,0,0,0,0,0,0,0,0.0000389552*J1^1*Q^4+-0.0000268764*Q^5+0,0,0.0000449816*J1^1*Q^4+-0.0000310342*Q^5+0,0,0,0,0,0,0.0000224908*J1^1*Q^4+-0.0000155171*Q^5+0,0,0.0000259702*J1^1*Q^4+-0.0000179176*Q^5+0,0,0,0,0,0},
{0,0,0,0,0,0,0,0,0,0,0,0,0,0,0,0,0,0,0,0,0,0,0,0,0,0,0,0,0,0,0,0,0,0,0,0,0,0,0,0,0,0,0,0,0,0,0,0,0,0.0000389552*J1^1*Q^4+-0.0000268764*Q^5+0,0,0.0000449816*J1^1*Q^4+-0.0000310342*Q^5+0,0,0,0,0,0,0.0000224908*J1^1*Q^4+-0.0000155171*Q^5+0,0,0.0000259702*J1^1*Q^4+-0.0000179176*Q^5+0,0,0,0,0},
{0,0,0,0,0,0,0,0,0,0,0,0,0,0,0,0,0,0,0,0,0,0,0,0,0,0,0,0,0,0,0,0,0,0,0,0,0,0,0,0,0,0,0,0,0,0,0,0,0,0,0,0,0,0,0.0000389552*J1^1*Q^4+-0.0000268764*Q^5+0,0,0,0,0,0,0,0,0.0000224908*J1^1*Q^4+-0.0000155171*Q^5+0,0},
{0,0,0,0,0,0,0,0,0,0,0,0,0,0,0,0,0,0,0,0,0,0,0,0,0,0,0,0,0,0,0,0,0,0,0,0,0,0,0,0,0,0,0,0,0,0,0,0,0,0,0,0,0,0,0,0.0000389552*J1^1*Q^4+-0.0000268764*Q^5+0,0,0,0,0,0,0,0,0.0000224908*J1^1*Q^4+-0.0000155171*Q^5+0},
{0,0,0,0,0,0,0,0,0,0,0,0,0,0,0,0,0,0,0,0,0,0,0,0,0,0,0,0,0,0,0,0,0,0,0,0,0,0,0,0,0,0,0,0,0,0,0,0,0,0,0,0,0.0000389552*J1^1*Q^4+-0.0000268764*Q^5+0,0,0.0000449816*J1^1*Q^4+-0.0000310342*Q^5+0,0,0,0,0,0,0.0000224908*J1^1*Q^4+-0.0000155171*Q^5+0,0,0.0000259702*J1^1*Q^4+-0.0000179176*Q^5+0,0},
{0,0,0,0,0,0,0,0,0,0,0,0,0,0,0,0,0,0,0,0,0,0,0,0,0,0,0,0,0,0,0,0,0,0,0,0,0,0,0,0,0,0,0,0,0,0,0,0,0,0,0,0,0,0.0000389552*J1^1*Q^4+-0.0000268764*Q^5+0,0,0.0000449816*J1^1*Q^4+-0.0000310342*Q^5+0,0,0,0,0,0,0.0000224908*J1^1*Q^4+-0.0000155171*Q^5+0,0,0.0000259702*J1^1*Q^4+-0.0000179176*Q^5+0},
{0,0,0,0,0,0,0,0,0,0,0,0,0,0,0,0,0,0,0,0,0,0,0,0,0,0,0,0,0,0,0,0,0,0,0,0,0,0,0,0,0,0,0,0,0,0,0,0,0,0,0.0000224908*J1^1*Q^4+-0.0000155171*Q^5+0,0,0,0,0,0,0,0,-0.0000389552*J1^1*Q^4+0.0000268764*Q^5+0,0,0,0,0,0},
{0,0,0,0,0,0,0,0,0,0,0,0,0,0,0,0,0,0,0,0,0,0,0,0,0,0,0,0,0,0,0,0,0,0,0,0,0,0,0,0,0,0,0,0,0,0,0,0,0,0,0,0.0000224908*J1^1*Q^4+-0.0000155171*Q^5+0,0,0,0,0,0,0,0,-0.0000389552*J1^1*Q^4+0.0000268764*Q^5+0,0,0,0,0},
{0,0,0,0,0,0,0,0,0,0,0,0,0,0,0,0,0,0,0,0,0,0,0,0,0,0,0,0,0,0,0,0,0,0,0,0,0,0,0,0,0,0,0,0,0,0,0,0,0.0000224908*J1^1*Q^4+-0.0000155171*Q^5+0,0,0.0000259702*J1^1*Q^4+-0.0000179176*Q^5+0,0,0,0,0,0,-0.0000389552*J1^1*Q^4+0.0000268764*Q^5+0,0,-0.0000449816*J1^1*Q^4+0.0000310342*Q^5+0,0,0,0,0,0},
{0,0,0,0,0,0,0,0,0,0,0,0,0,0,0,0,0,0,0,0,0,0,0,0,0,0,0,0,0,0,0,0,0,0,0,0,0,0,0,0,0,0,0,0,0,0,0,0,0,0.0000224908*J1^1*Q^4+-0.0000155171*Q^5+0,0,0.0000259702*J1^1*Q^4+-0.0000179176*Q^5+0,0,0,0,0,0,-0.0000389552*J1^1*Q^4+0.0000268764*Q^5+0,0,-0.0000449816*J1^1*Q^4+0.0000310342*Q^5+0,0,0,0,0},
{0,0,0,0,0,0,0,0,0,0,0,0,0,0,0,0,0,0,0,0,0,0,0,0,0,0,0,0,0,0,0,0,0,0,0,0,0,0,0,0,0,0,0,0,0,0,0,0,0,0,0,0,0,0,0.0000224908*J1^1*Q^4+-0.0000155171*Q^5+0,0,0,0,0,0,0,0,-0.0000389552*J1^1*Q^4+0.0000268764*Q^5+0,0},
{0,0,0,0,0,0,0,0,0,0,0,0,0,0,0,0,0,0,0,0,0,0,0,0,0,0,0,0,0,0,0,0,0,0,0,0,0,0,0,0,0,0,0,0,0,0,0,0,0,0,0,0,0,0,0,0.0000224908*J1^1*Q^4+-0.0000155171*Q^5+0,0,0,0,0,0,0,0,-0.0000389552*J1^1*Q^4+0.0000268764*Q^5+0},
{0,0,0,0,0,0,0,0,0,0,0,0,0,0,0,0,0,0,0,0,0,0,0,0,0,0,0,0,0,0,0,0,0,0,0,0,0,0,0,0,0,0,0,0,0,0,0,0,0,0,0,0,0.0000224908*J1^1*Q^4+-0.0000155171*Q^5+0,0,0.0000259702*J1^1*Q^4+-0.0000179176*Q^5+0,0,0,0,0,0,-0.0000389552*J1^1*Q^4+0.0000268764*Q^5+0,0,-0.0000449816*J1^1*Q^4+0.0000310342*Q^5+0,0},
{0,0,0,0,0,0,0,0,0,0,0,0,0,0,0,0,0,0,0,0,0,0,0,0,0,0,0,0,0,0,0,0,0,0,0,0,0,0,0,0,0,0,0,0,0,0,0,0,0,0,0,0,0,0.0000224908*J1^1*Q^4+-0.0000155171*Q^5+0,0,0.0000259702*J1^1*Q^4+-0.0000179176*Q^5+0,0,0,0,0,0,-0.0000389552*J1^1*Q^4+0.0000268764*Q^5+0,0,-0.0000449816*J1^1*Q^4+0.0000310342*Q^5+0},
{0,0,0,0,0,0,0,0,0,0,0,0,0,0,0,0,0,0,0,0,0,0,0,0,0,0,0,0,0,0,0,0,0,0,0.0000389552*J1^1*Q^4+-0.0000268764*Q^5+0,0,0,0,0,0,0,0,0.0000224908*J1^1*Q^4+-0.0000155171*Q^5+0,0,0,0,0,0,0,0,-0.0000449816*J1^1*Q^4+0.0000310342*Q^5+0,0,0,0,0,0,0,0,-0.0000259702*J1^1*Q^4+0.0000179176*Q^5+0,0,0,0,0,0},
{0,0,0,0,0,0,0,0,0,0,0,0,0,0,0,0,0,0,0,0,0,0,0,0,0,0,0,0,0,0,0,0,0,0,0,0.0000389552*J1^1*Q^4+-0.0000268764*Q^5+0,0,0,0,0,0,0,0,0.0000224908*J1^1*Q^4+-0.0000155171*Q^5+0,0,0,0,0,0,0,0,-0.0000449816*J1^1*Q^4+0.0000310342*Q^5+0,0,0,0,0,0,0,0,-0.0000259702*J1^1*Q^4+0.0000179176*Q^5+0,0,0,0,0},
{0,0,0,0,0,0,0,0,0,0,0,0,0,0,0,0,0,0,0,0,0,0,0,0,0,0,0,0,0,0,0,0,0.0000389552*J1^1*Q^4+-0.0000268764*Q^5+0,0,0.0000449816*J1^1*Q^4+-0.0000310342*Q^5+0,0,0,0,0,0,0.0000224908*J1^1*Q^4+-0.0000155171*Q^5+0,0,0.0000259702*J1^1*Q^4+-0.0000179176*Q^5+0,0,0,0,0,0,-0.0000449816*J1^1*Q^4+0.0000310342*Q^5+0,0,-0.0000519403*J1^1*Q^4+0.0000358352*Q^5+0,0,0,0,0,0,-0.0000259702*J1^1*Q^4+0.0000179176*Q^5+0,0,-0.0000299878*J1^1*Q^4+0.0000206894*Q^5+0,0,0,0,0,0},
{0,0,0,0,0,0,0,0,0,0,0,0,0,0,0,0,0,0,0,0,0,0,0,0,0,0,0,0,0,0,0,0,0,0.0000389552*J1^1*Q^4+-0.0000268764*Q^5+0,0,0.0000449816*J1^1*Q^4+-0.0000310342*Q^5+0,0,0,0,0,0,0.0000224908*J1^1*Q^4+-0.0000155171*Q^5+0,0,0.0000259702*J1^1*Q^4+-0.0000179176*Q^5+0,0,0,0,0,0,-0.0000449816*J1^1*Q^4+0.0000310342*Q^5+0,0,-0.0000519403*J1^1*Q^4+0.0000358352*Q^5+0,0,0,0,0,0,-0.0000259702*J1^1*Q^4+0.0000179176*Q^5+0,0,-0.0000299878*J1^1*Q^4+0.0000206894*Q^5+0,0,0,0,0},
{0,0,0,0,0,0,0,0,0,0,0,0,0,0,0,0,0,0,0,0,0,0,0,0,0,0,0,0,0,0,0,0,0,0,0,0,0,0,0.0000389552*J1^1*Q^4+-0.0000268764*Q^5+0,0,0,0,0,0,0,0,0.0000224908*J1^1*Q^4+-0.0000155171*Q^5+0,0,0,0,0,0,0,0,-0.0000449816*J1^1*Q^4+0.0000310342*Q^5+0,0,0,0,0,0,0,0,-0.0000259702*J1^1*Q^4+0.0000179176*Q^5+0,0},
{0,0,0,0,0,0,0,0,0,0,0,0,0,0,0,0,0,0,0,0,0,0,0,0,0,0,0,0,0,0,0,0,0,0,0,0,0,0,0,0.0000389552*J1^1*Q^4+-0.0000268764*Q^5+0,0,0,0,0,0,0,0,0.0000224908*J1^1*Q^4+-0.0000155171*Q^5+0,0,0,0,0,0,0,0,-0.0000449816*J1^1*Q^4+0.0000310342*Q^5+0,0,0,0,0,0,0,0,-0.0000259702*J1^1*Q^4+0.0000179176*Q^5+0},
{0,0,0,0,0,0,0,0,0,0,0,0,0,0,0,0,0,0,0,0,0,0,0,0,0,0,0,0,0,0,0,0,0,0,0,0,0.0000389552*J1^1*Q^4+-0.0000268764*Q^5+0,0,0.0000449816*J1^1*Q^4+-0.0000310342*Q^5+0,0,0,0,0,0,0.0000224908*J1^1*Q^4+-0.0000155171*Q^5+0,0,0.0000259702*J1^1*Q^4+-0.0000179176*Q^5+0,0,0,0,0,0,-0.0000449816*J1^1*Q^4+0.0000310342*Q^5+0,0,-0.0000519403*J1^1*Q^4+0.0000358352*Q^5+0,0,0,0,0,0,-0.0000259702*J1^1*Q^4+0.0000179176*Q^5+0,0,-0.0000299878*J1^1*Q^4+0.0000206894*Q^5+0,0},
{0,0,0,0,0,0,0,0,0,0,0,0,0,0,0,0,0,0,0,0,0,0,0,0,0,0,0,0,0,0,0,0,0,0,0,0,0,0.0000389552*J1^1*Q^4+-0.0000268764*Q^5+0,0,0.0000449816*J1^1*Q^4+-0.0000310342*Q^5+0,0,0,0,0,0,0.0000224908*J1^1*Q^4+-0.0000155171*Q^5+0,0,0.0000259702*J1^1*Q^4+-0.0000179176*Q^5+0,0,0,0,0,0,-0.0000449816*J1^1*Q^4+0.0000310342*Q^5+0,0,-0.0000519403*J1^1*Q^4+0.0000358352*Q^5+0,0,0,0,0,0,-0.0000259702*J1^1*Q^4+0.0000179176*Q^5+0,0,-0.0000299878*J1^1*Q^4+0.0000206894*Q^5+0},
{0,0,0,0,0,0,0,0,0,0,0,0,0,0,0,0,0,0,0,0,0,0,0,0,0,0,0,0,0,0,0,0,0,0,0.0000224908*J1^1*Q^4+-0.0000155171*Q^5+0,0,0,0,0,0,0,0,-0.0000389552*J1^1*Q^4+0.0000268764*Q^5+0,0,0,0,0,0,0,0,-0.0000259702*J1^1*Q^4+0.0000179176*Q^5+0,0,0,0,0,0,0,0,0.0000449816*J1^1*Q^4+-0.0000310342*Q^5+0,0,0,0,0,0},
{0,0,0,0,0,0,0,0,0,0,0,0,0,0,0,0,0,0,0,0,0,0,0,0,0,0,0,0,0,0,0,0,0,0,0,0.0000224908*J1^1*Q^4+-0.0000155171*Q^5+0,0,0,0,0,0,0,0,-0.0000389552*J1^1*Q^4+0.0000268764*Q^5+0,0,0,0,0,0,0,0,-0.0000259702*J1^1*Q^4+0.0000179176*Q^5+0,0,0,0,0,0,0,0,0.0000449816*J1^1*Q^4+-0.0000310342*Q^5+0,0,0,0,0},
{0,0,0,0,0,0,0,0,0,0,0,0,0,0,0,0,0,0,0,0,0,0,0,0,0,0,0,0,0,0,0,0,0.0000224908*J1^1*Q^4+-0.0000155171*Q^5+0,0,0.0000259702*J1^1*Q^4+-0.0000179176*Q^5+0,0,0,0,0,0,-0.0000389552*J1^1*Q^4+0.0000268764*Q^5+0,0,-0.0000449816*J1^1*Q^4+0.0000310342*Q^5+0,0,0,0,0,0,-0.0000259702*J1^1*Q^4+0.0000179176*Q^5+0,0,-0.0000299878*J1^1*Q^4+0.0000206894*Q^5+0,0,0,0,0,0,0.0000449816*J1^1*Q^4+-0.0000310342*Q^5+0,0,0.0000519403*J1^1*Q^4+-0.0000358352*Q^5+0,0,0,0,0,0},
{0,0,0,0,0,0,0,0,0,0,0,0,0,0,0,0,0,0,0,0,0,0,0,0,0,0,0,0,0,0,0,0,0,0.0000224908*J1^1*Q^4+-0.0000155171*Q^5+0,0,0.0000259702*J1^1*Q^4+-0.0000179176*Q^5+0,0,0,0,0,0,-0.0000389552*J1^1*Q^4+0.0000268764*Q^5+0,0,-0.0000449816*J1^1*Q^4+0.0000310342*Q^5+0,0,0,0,0,0,-0.0000259702*J1^1*Q^4+0.0000179176*Q^5+0,0,-0.0000299878*J1^1*Q^4+0.0000206894*Q^5+0,0,0,0,0,0,0.0000449816*J1^1*Q^4+-0.0000310342*Q^5+0,0,0.0000519403*J1^1*Q^4+-0.0000358352*Q^5+0,0,0,0,0},
{0,0,0,0,0,0,0,0,0,0,0,0,0,0,0,0,0,0,0,0,0,0,0,0,0,0,0,0,0,0,0,0,0,0,0,0,0,0,0.0000224908*J1^1*Q^4+-0.0000155171*Q^5+0,0,0,0,0,0,0,0,-0.0000389552*J1^1*Q^4+0.0000268764*Q^5+0,0,0,0,0,0,0,0,-0.0000259702*J1^1*Q^4+0.0000179176*Q^5+0,0,0,0,0,0,0,0,0.0000449816*J1^1*Q^4+-0.0000310342*Q^5+0,0},
{0,0,0,0,0,0,0,0,0,0,0,0,0,0,0,0,0,0,0,0,0,0,0,0,0,0,0,0,0,0,0,0,0,0,0,0,0,0,0,0.0000224908*J1^1*Q^4+-0.0000155171*Q^5+0,0,0,0,0,0,0,0,-0.0000389552*J1^1*Q^4+0.0000268764*Q^5+0,0,0,0,0,0,0,0,-0.0000259702*J1^1*Q^4+0.0000179176*Q^5+0,0,0,0,0,0,0,0,0.0000449816*J1^1*Q^4+-0.0000310342*Q^5+0},
{0,0,0,0,0,0,0,0,0,0,0,0,0,0,0,0,0,0,0,0,0,0,0,0,0,0,0,0,0,0,0,0,0,0,0,0,0.0000224908*J1^1*Q^4+-0.0000155171*Q^5+0,0,0.0000259702*J1^1*Q^4+-0.0000179176*Q^5+0,0,0,0,0,0,-0.0000389552*J1^1*Q^4+0.0000268764*Q^5+0,0,-0.0000449816*J1^1*Q^4+0.0000310342*Q^5+0,0,0,0,0,0,-0.0000259702*J1^1*Q^4+0.0000179176*Q^5+0,0,-0.0000299878*J1^1*Q^4+0.0000206894*Q^5+0,0,0,0,0,0,0.0000449816*J1^1*Q^4+-0.0000310342*Q^5+0,0,0.0000519403*J1^1*Q^4+-0.0000358352*Q^5+0,0},
{0,0,0,0,0,0,0,0,0,0,0,0,0,0,0,0,0,0,0,0,0,0,0,0,0,0,0,0,0,0,0,0,0,0,0,0,0,0.0000224908*J1^1*Q^4+-0.0000155171*Q^5+0,0,0.0000259702*J1^1*Q^4+-0.0000179176*Q^5+0,0,0,0,0,0,-0.0000389552*J1^1*Q^4+0.0000268764*Q^5+0,0,-0.0000449816*J1^1*Q^4+0.0000310342*Q^5+0,0,0,0,0,0,-0.0000259702*J1^1*Q^4+0.0000179176*Q^5+0,0,-0.0000299878*J1^1*Q^4+0.0000206894*Q^5+0,0,0,0,0,0,0.0000449816*J1^1*Q^4+-0.0000310342*Q^5+0,0,0.0000519403*J1^1*Q^4+-0.0000358352*Q^5+0},
{0,0,0,0,0,0,0,0,0,0,0,0,0,0,0,0,0,0,0.0000389552*J1^1*Q^4+-0.0000268764*Q^5+0,0,0,0,0,0,0,0,0.0000224908*J1^1*Q^4+-0.0000155171*Q^5+0,0,0,0,0,0,0,0,0,0,0,0,0,0,0,0,0,0,0,0,0,0,0,0,0.0000449816*J1^1*Q^4+-0.0000310342*Q^5+0,0,0,0,0,0,0,0,0.0000259702*J1^1*Q^4+-0.0000179176*Q^5+0,0,0,0,0,0},
{0,0,0,0,0,0,0,0,0,0,0,0,0,0,0,0,0,0,0,0.0000389552*J1^1*Q^4+-0.0000268764*Q^5+0,0,0,0,0,0,0,0,0.0000224908*J1^1*Q^4+-0.0000155171*Q^5+0,0,0,0,0,0,0,0,0,0,0,0,0,0,0,0,0,0,0,0,0,0,0,0,0.0000449816*J1^1*Q^4+-0.0000310342*Q^5+0,0,0,0,0,0,0,0,0.0000259702*J1^1*Q^4+-0.0000179176*Q^5+0,0,0,0,0},
{0,0,0,0,0,0,0,0,0,0,0,0,0,0,0,0,0.0000389552*J1^1*Q^4+-0.0000268764*Q^5+0,0,0.0000449816*J1^1*Q^4+-0.0000310342*Q^5+0,0,0,0,0,0,0.0000224908*J1^1*Q^4+-0.0000155171*Q^5+0,0,0.0000259702*J1^1*Q^4+-0.0000179176*Q^5+0,0,0,0,0,0,0,0,0,0,0,0,0,0,0,0,0,0,0,0,0,0,0.0000449816*J1^1*Q^4+-0.0000310342*Q^5+0,0,0.0000519403*J1^1*Q^4+-0.0000358352*Q^5+0,0,0,0,0,0,0.0000259702*J1^1*Q^4+-0.0000179176*Q^5+0,0,0.0000299878*J1^1*Q^4+-0.0000206894*Q^5+0,0,0,0,0,0},
{0,0,0,0,0,0,0,0,0,0,0,0,0,0,0,0,0,0.0000389552*J1^1*Q^4+-0.0000268764*Q^5+0,0,0.0000449816*J1^1*Q^4+-0.0000310342*Q^5+0,0,0,0,0,0,0.0000224908*J1^1*Q^4+-0.0000155171*Q^5+0,0,0.0000259702*J1^1*Q^4+-0.0000179176*Q^5+0,0,0,0,0,0,0,0,0,0,0,0,0,0,0,0,0,0,0,0,0,0,0.0000449816*J1^1*Q^4+-0.0000310342*Q^5+0,0,0.0000519403*J1^1*Q^4+-0.0000358352*Q^5+0,0,0,0,0,0,0.0000259702*J1^1*Q^4+-0.0000179176*Q^5+0,0,0.0000299878*J1^1*Q^4+-0.0000206894*Q^5+0,0,0,0,0},
{0,0,0,0,0,0,0,0,0,0,0,0,0,0,0,0,0,0,0,0,0,0,0.0000389552*J1^1*Q^4+-0.0000268764*Q^5+0,0,0,0,0,0,0,0,0.0000224908*J1^1*Q^4+-0.0000155171*Q^5+0,0,0,0,0,0,0,0,0,0,0,0,0,0,0,0,0,0,0,0,0,0,0,0,0.0000449816*J1^1*Q^4+-0.0000310342*Q^5+0,0,0,0,0,0,0,0,0.0000259702*J1^1*Q^4+-0.0000179176*Q^5+0,0},
{0,0,0,0,0,0,0,0,0,0,0,0,0,0,0,0,0,0,0,0,0,0,0,0.0000389552*J1^1*Q^4+-0.0000268764*Q^5+0,0,0,0,0,0,0,0,0.0000224908*J1^1*Q^4+-0.0000155171*Q^5+0,0,0,0,0,0,0,0,0,0,0,0,0,0,0,0,0,0,0,0,0,0,0,0,0.0000449816*J1^1*Q^4+-0.0000310342*Q^5+0,0,0,0,0,0,0,0,0.0000259702*J1^1*Q^4+-0.0000179176*Q^5+0},
{0,0,0,0,0,0,0,0,0,0,0,0,0,0,0,0,0,0,0,0,0.0000389552*J1^1*Q^4+-0.0000268764*Q^5+0,0,0.0000449816*J1^1*Q^4+-0.0000310342*Q^5+0,0,0,0,0,0,0.0000224908*J1^1*Q^4+-0.0000155171*Q^5+0,0,0.0000259702*J1^1*Q^4+-0.0000179176*Q^5+0,0,0,0,0,0,0,0,0,0,0,0,0,0,0,0,0,0,0,0,0,0,0.0000449816*J1^1*Q^4+-0.0000310342*Q^5+0,0,0.0000519403*J1^1*Q^4+-0.0000358352*Q^5+0,0,0,0,0,0,0.0000259702*J1^1*Q^4+-0.0000179176*Q^5+0,0,0.0000299878*J1^1*Q^4+-0.0000206894*Q^5+0,0},
{0,0,0,0,0,0,0,0,0,0,0,0,0,0,0,0,0,0,0,0,0,0.0000389552*J1^1*Q^4+-0.0000268764*Q^5+0,0,0.0000449816*J1^1*Q^4+-0.0000310342*Q^5+0,0,0,0,0,0,0.0000224908*J1^1*Q^4+-0.0000155171*Q^5+0,0,0.0000259702*J1^1*Q^4+-0.0000179176*Q^5+0,0,0,0,0,0,0,0,0,0,0,0,0,0,0,0,0,0,0,0,0,0,0.0000449816*J1^1*Q^4+-0.0000310342*Q^5+0,0,0.0000519403*J1^1*Q^4+-0.0000358352*Q^5+0,0,0,0,0,0,0.0000259702*J1^1*Q^4+-0.0000179176*Q^5+0,0,0.0000299878*J1^1*Q^4+-0.0000206894*Q^5+0},
{0,0,0,0,0,0,0,0,0,0,0,0,0,0,0,0,0,0,0.0000224908*J1^1*Q^4+-0.0000155171*Q^5+0,0,0,0,0,0,0,0,-0.0000389552*J1^1*Q^4+0.0000268764*Q^5+0,0,0,0,0,0,0,0,0,0,0,0,0,0,0,0,0,0,0,0,0,0,0,0,0.0000259702*J1^1*Q^4+-0.0000179176*Q^5+0,0,0,0,0,0,0,0,-0.0000449816*J1^1*Q^4+0.0000310342*Q^5+0,0,0,0,0,0},
{0,0,0,0,0,0,0,0,0,0,0,0,0,0,0,0,0,0,0,0.0000224908*J1^1*Q^4+-0.0000155171*Q^5+0,0,0,0,0,0,0,0,-0.0000389552*J1^1*Q^4+0.0000268764*Q^5+0,0,0,0,0,0,0,0,0,0,0,0,0,0,0,0,0,0,0,0,0,0,0,0,0.0000259702*J1^1*Q^4+-0.0000179176*Q^5+0,0,0,0,0,0,0,0,-0.0000449816*J1^1*Q^4+0.0000310342*Q^5+0,0,0,0,0},
{0,0,0,0,0,0,0,0,0,0,0,0,0,0,0,0,0.0000224908*J1^1*Q^4+-0.0000155171*Q^5+0,0,0.0000259702*J1^1*Q^4+-0.0000179176*Q^5+0,0,0,0,0,0,-0.0000389552*J1^1*Q^4+0.0000268764*Q^5+0,0,-0.0000449816*J1^1*Q^4+0.0000310342*Q^5+0,0,0,0,0,0,0,0,0,0,0,0,0,0,0,0,0,0,0,0,0,0,0.0000259702*J1^1*Q^4+-0.0000179176*Q^5+0,0,0.0000299878*J1^1*Q^4+-0.0000206894*Q^5+0,0,0,0,0,0,-0.0000449816*J1^1*Q^4+0.0000310342*Q^5+0,0,-0.0000519403*J1^1*Q^4+0.0000358352*Q^5+0,0,0,0,0,0},
{0,0,0,0,0,0,0,0,0,0,0,0,0,0,0,0,0,0.0000224908*J1^1*Q^4+-0.0000155171*Q^5+0,0,0.0000259702*J1^1*Q^4+-0.0000179176*Q^5+0,0,0,0,0,0,-0.0000389552*J1^1*Q^4+0.0000268764*Q^5+0,0,-0.0000449816*J1^1*Q^4+0.0000310342*Q^5+0,0,0,0,0,0,0,0,0,0,0,0,0,0,0,0,0,0,0,0,0,0,0.0000259702*J1^1*Q^4+-0.0000179176*Q^5+0,0,0.0000299878*J1^1*Q^4+-0.0000206894*Q^5+0,0,0,0,0,0,-0.0000449816*J1^1*Q^4+0.0000310342*Q^5+0,0,-0.0000519403*J1^1*Q^4+0.0000358352*Q^5+0,0,0,0,0},
{0,0,0,0,0,0,0,0,0,0,0,0,0,0,0,0,0,0,0,0,0,0,0.0000224908*J1^1*Q^4+-0.0000155171*Q^5+0,0,0,0,0,0,0,0,-0.0000389552*J1^1*Q^4+0.0000268764*Q^5+0,0,0,0,0,0,0,0,0,0,0,0,0,0,0,0,0,0,0,0,0,0,0,0,0.0000259702*J1^1*Q^4+-0.0000179176*Q^5+0,0,0,0,0,0,0,0,-0.0000449816*J1^1*Q^4+0.0000310342*Q^5+0,0},
{0,0,0,0,0,0,0,0,0,0,0,0,0,0,0,0,0,0,0,0,0,0,0,0.0000224908*J1^1*Q^4+-0.0000155171*Q^5+0,0,0,0,0,0,0,0,-0.0000389552*J1^1*Q^4+0.0000268764*Q^5+0,0,0,0,0,0,0,0,0,0,0,0,0,0,0,0,0,0,0,0,0,0,0,0,0.0000259702*J1^1*Q^4+-0.0000179176*Q^5+0,0,0,0,0,0,0,0,-0.0000449816*J1^1*Q^4+0.0000310342*Q^5+0},
{0,0,0,0,0,0,0,0,0,0,0,0,0,0,0,0,0,0,0,0,0.0000224908*J1^1*Q^4+-0.0000155171*Q^5+0,0,0.0000259702*J1^1*Q^4+-0.0000179176*Q^5+0,0,0,0,0,0,-0.0000389552*J1^1*Q^4+0.0000268764*Q^5+0,0,-0.0000449816*J1^1*Q^4+0.0000310342*Q^5+0,0,0,0,0,0,0,0,0,0,0,0,0,0,0,0,0,0,0,0,0,0,0.0000259702*J1^1*Q^4+-0.0000179176*Q^5+0,0,0.0000299878*J1^1*Q^4+-0.0000206894*Q^5+0,0,0,0,0,0,-0.0000449816*J1^1*Q^4+0.0000310342*Q^5+0,0,-0.0000519403*J1^1*Q^4+0.0000358352*Q^5+0,0},
{0,0,0,0,0,0,0,0,0,0,0,0,0,0,0,0,0,0,0,0,0,0.0000224908*J1^1*Q^4+-0.0000155171*Q^5+0,0,0.0000259702*J1^1*Q^4+-0.0000179176*Q^5+0,0,0,0,0,0,-0.0000389552*J1^1*Q^4+0.0000268764*Q^5+0,0,-0.0000449816*J1^1*Q^4+0.0000310342*Q^5+0,0,0,0,0,0,0,0,0,0,0,0,0,0,0,0,0,0,0,0,0,0,0.0000259702*J1^1*Q^4+-0.0000179176*Q^5+0,0,0.0000299878*J1^1*Q^4+-0.0000206894*Q^5+0,0,0,0,0,0,-0.0000449816*J1^1*Q^4+0.0000310342*Q^5+0,0,-0.0000519403*J1^1*Q^4+0.0000358352*Q^5+0},
{0,0,0.0000389552*J1^1*Q^4+-0.0000268764*Q^5+0,0,0,0,0,0,0,0,0.0000224908*J1^1*Q^4+-0.0000155171*Q^5+0,0,0,0,0,0,0,0,-0.0000449816*J1^1*Q^4+0.0000310342*Q^5+0,0,0,0,0,0,0,0,-0.0000259702*J1^1*Q^4+0.0000179176*Q^5+0,0,0,0,0,0,0,0,0.0000449816*J1^1*Q^4+-0.0000310342*Q^5+0,0,0,0,0,0,0,0,0.0000259702*J1^1*Q^4+-0.0000179176*Q^5+0,0,0,0,0,0,0,0,-0.0000519403*J1^1*Q^4+0.0000358352*Q^5+0,0,0,0,0,0,0,0,-0.0000299878*J1^1*Q^4+0.0000206894*Q^5+0,0,0,0,0,0},
{0,0,0,0.0000389552*J1^1*Q^4+-0.0000268764*Q^5+0,0,0,0,0,0,0,0,0.0000224908*J1^1*Q^4+-0.0000155171*Q^5+0,0,0,0,0,0,0,0,-0.0000449816*J1^1*Q^4+0.0000310342*Q^5+0,0,0,0,0,0,0,0,-0.0000259702*J1^1*Q^4+0.0000179176*Q^5+0,0,0,0,0,0,0,0,0.0000449816*J1^1*Q^4+-0.0000310342*Q^5+0,0,0,0,0,0,0,0,0.0000259702*J1^1*Q^4+-0.0000179176*Q^5+0,0,0,0,0,0,0,0,-0.0000519403*J1^1*Q^4+0.0000358352*Q^5+0,0,0,0,0,0,0,0,-0.0000299878*J1^1*Q^4+0.0000206894*Q^5+0,0,0,0,0},
{0.0000389552*J1^1*Q^4+-0.0000268764*Q^5+0,0,0.0000449816*J1^1*Q^4+-0.0000310342*Q^5+0,0,0,0,0,0,0.0000224908*J1^1*Q^4+-0.0000155171*Q^5+0,0,0.0000259702*J1^1*Q^4+-0.0000179176*Q^5+0,0,0,0,0,0,-0.0000449816*J1^1*Q^4+0.0000310342*Q^5+0,0,-0.0000519403*J1^1*Q^4+0.0000358352*Q^5+0,0,0,0,0,0,-0.0000259702*J1^1*Q^4+0.0000179176*Q^5+0,0,-0.0000299878*J1^1*Q^4+0.0000206894*Q^5+0,0,0,0,0,0,0.0000449816*J1^1*Q^4+-0.0000310342*Q^5+0,0,0.0000519403*J1^1*Q^4+-0.0000358352*Q^5+0,0,0,0,0,0,0.0000259702*J1^1*Q^4+-0.0000179176*Q^5+0,0,0.0000299878*J1^1*Q^4+-0.0000206894*Q^5+0,0,0,0,0,0,-0.0000519403*J1^1*Q^4+0.0000358352*Q^5+0,0,-0.0000599755*J1^1*Q^4+0.0000413789*Q^5+0,0,0,0,0,0,-0.0000299878*J1^1*Q^4+0.0000206894*Q^5+0,0,-0.0000346269*J1^1*Q^4+0.0000238901*Q^5+0,0,0,0,0,0},
{0,0.0000389552*J1^1*Q^4+-0.0000268764*Q^5+0,0,0.0000449816*J1^1*Q^4+-0.0000310342*Q^5+0,0,0,0,0,0,0.0000224908*J1^1*Q^4+-0.0000155171*Q^5+0,0,0.0000259702*J1^1*Q^4+-0.0000179176*Q^5+0,0,0,0,0,0,-0.0000449816*J1^1*Q^4+0.0000310342*Q^5+0,0,-0.0000519403*J1^1*Q^4+0.0000358352*Q^5+0,0,0,0,0,0,-0.0000259702*J1^1*Q^4+0.0000179176*Q^5+0,0,-0.0000299878*J1^1*Q^4+0.0000206894*Q^5+0,0,0,0,0,0,0.0000449816*J1^1*Q^4+-0.0000310342*Q^5+0,0,0.0000519403*J1^1*Q^4+-0.0000358352*Q^5+0,0,0,0,0,0,0.0000259702*J1^1*Q^4+-0.0000179176*Q^5+0,0,0.0000299878*J1^1*Q^4+-0.0000206894*Q^5+0,0,0,0,0,0,-0.0000519403*J1^1*Q^4+0.0000358352*Q^5+0,0,-0.0000599755*J1^1*Q^4+0.0000413789*Q^5+0,0,0,0,0,0,-0.0000299878*J1^1*Q^4+0.0000206894*Q^5+0,0,-0.0000346269*J1^1*Q^4+0.0000238901*Q^5+0,0,0,0,0},
{0,0,0,0,0,0,0.0000389552*J1^1*Q^4+-0.0000268764*Q^5+0,0,0,0,0,0,0,0,0.0000224908*J1^1*Q^4+-0.0000155171*Q^5+0,0,0,0,0,0,0,0,-0.0000449816*J1^1*Q^4+0.0000310342*Q^5+0,0,0,0,0,0,0,0,-0.0000259702*J1^1*Q^4+0.0000179176*Q^5+0,0,0,0,0,0,0,0,0.0000449816*J1^1*Q^4+-0.0000310342*Q^5+0,0,0,0,0,0,0,0,0.0000259702*J1^1*Q^4+-0.0000179176*Q^5+0,0,0,0,0,0,0,0,-0.0000519403*J1^1*Q^4+0.0000358352*Q^5+0,0,0,0,0,0,0,0,-0.0000299878*J1^1*Q^4+0.0000206894*Q^5+0,0},
{0,0,0,0,0,0,0,0.0000389552*J1^1*Q^4+-0.0000268764*Q^5+0,0,0,0,0,0,0,0,0.0000224908*J1^1*Q^4+-0.0000155171*Q^5+0,0,0,0,0,0,0,0,-0.0000449816*J1^1*Q^4+0.0000310342*Q^5+0,0,0,0,0,0,0,0,-0.0000259702*J1^1*Q^4+0.0000179176*Q^5+0,0,0,0,0,0,0,0,0.0000449816*J1^1*Q^4+-0.0000310342*Q^5+0,0,0,0,0,0,0,0,0.0000259702*J1^1*Q^4+-0.0000179176*Q^5+0,0,0,0,0,0,0,0,-0.0000519403*J1^1*Q^4+0.0000358352*Q^5+0,0,0,0,0,0,0,0,-0.0000299878*J1^1*Q^4+0.0000206894*Q^5+0},
{0,0,0,0,0.0000389552*J1^1*Q^4+-0.0000268764*Q^5+0,0,0.0000449816*J1^1*Q^4+-0.0000310342*Q^5+0,0,0,0,0,0,0.0000224908*J1^1*Q^4+-0.0000155171*Q^5+0,0,0.0000259702*J1^1*Q^4+-0.0000179176*Q^5+0,0,0,0,0,0,-0.0000449816*J1^1*Q^4+0.0000310342*Q^5+0,0,-0.0000519403*J1^1*Q^4+0.0000358352*Q^5+0,0,0,0,0,0,-0.0000259702*J1^1*Q^4+0.0000179176*Q^5+0,0,-0.0000299878*J1^1*Q^4+0.0000206894*Q^5+0,0,0,0,0,0,0.0000449816*J1^1*Q^4+-0.0000310342*Q^5+0,0,0.0000519403*J1^1*Q^4+-0.0000358352*Q^5+0,0,0,0,0,0,0.0000259702*J1^1*Q^4+-0.0000179176*Q^5+0,0,0.0000299878*J1^1*Q^4+-0.0000206894*Q^5+0,0,0,0,0,0,-0.0000519403*J1^1*Q^4+0.0000358352*Q^5+0,0,-0.0000599755*J1^1*Q^4+0.0000413789*Q^5+0,0,0,0,0,0,-0.0000299878*J1^1*Q^4+0.0000206894*Q^5+0,0,-0.0000346269*J1^1*Q^4+0.0000238901*Q^5+0,0},
{0,0,0,0,0,0.0000389552*J1^1*Q^4+-0.0000268764*Q^5+0,0,0.0000449816*J1^1*Q^4+-0.0000310342*Q^5+0,0,0,0,0,0,0.0000224908*J1^1*Q^4+-0.0000155171*Q^5+0,0,0.0000259702*J1^1*Q^4+-0.0000179176*Q^5+0,0,0,0,0,0,-0.0000449816*J1^1*Q^4+0.0000310342*Q^5+0,0,-0.0000519403*J1^1*Q^4+0.0000358352*Q^5+0,0,0,0,0,0,-0.0000259702*J1^1*Q^4+0.0000179176*Q^5+0,0,-0.0000299878*J1^1*Q^4+0.0000206894*Q^5+0,0,0,0,0,0,0.0000449816*J1^1*Q^4+-0.0000310342*Q^5+0,0,0.0000519403*J1^1*Q^4+-0.0000358352*Q^5+0,0,0,0,0,0,0.0000259702*J1^1*Q^4+-0.0000179176*Q^5+0,0,0.0000299878*J1^1*Q^4+-0.0000206894*Q^5+0,0,0,0,0,0,-0.0000519403*J1^1*Q^4+0.0000358352*Q^5+0,0,-0.0000599755*J1^1*Q^4+0.0000413789*Q^5+0,0,0,0,0,0,-0.0000299878*J1^1*Q^4+0.0000206894*Q^5+0,0,-0.0000346269*J1^1*Q^4+0.0000238901*Q^5+0},
{0,0,0.0000224908*J1^1*Q^4+-0.0000155171*Q^5+0,0,0,0,0,0,0,0,-0.0000389552*J1^1*Q^4+0.0000268764*Q^5+0,0,0,0,0,0,0,0,-0.0000259702*J1^1*Q^4+0.0000179176*Q^5+0,0,0,0,0,0,0,0,0.0000449816*J1^1*Q^4+-0.0000310342*Q^5+0,0,0,0,0,0,0,0,0.0000259702*J1^1*Q^4+-0.0000179176*Q^5+0,0,0,0,0,0,0,0,-0.0000449816*J1^1*Q^4+0.0000310342*Q^5+0,0,0,0,0,0,0,0,-0.0000299878*J1^1*Q^4+0.0000206894*Q^5+0,0,0,0,0,0,0,0,0.0000519403*J1^1*Q^4+-0.0000358352*Q^5+0,0,0,0,0,0},
{0,0,0,0.0000224908*J1^1*Q^4+-0.0000155171*Q^5+0,0,0,0,0,0,0,0,-0.0000389552*J1^1*Q^4+0.0000268764*Q^5+0,0,0,0,0,0,0,0,-0.0000259702*J1^1*Q^4+0.0000179176*Q^5+0,0,0,0,0,0,0,0,0.0000449816*J1^1*Q^4+-0.0000310342*Q^5+0,0,0,0,0,0,0,0,0.0000259702*J1^1*Q^4+-0.0000179176*Q^5+0,0,0,0,0,0,0,0,-0.0000449816*J1^1*Q^4+0.0000310342*Q^5+0,0,0,0,0,0,0,0,-0.0000299878*J1^1*Q^4+0.0000206894*Q^5+0,0,0,0,0,0,0,0,0.0000519403*J1^1*Q^4+-0.0000358352*Q^5+0,0,0,0,0},
{0.0000224908*J1^1*Q^4+-0.0000155171*Q^5+0,0,0.0000259702*J1^1*Q^4+-0.0000179176*Q^5+0,0,0,0,0,0,-0.0000389552*J1^1*Q^4+0.0000268764*Q^5+0,0,-0.0000449816*J1^1*Q^4+0.0000310342*Q^5+0,0,0,0,0,0,-0.0000259702*J1^1*Q^4+0.0000179176*Q^5+0,0,-0.0000299878*J1^1*Q^4+0.0000206894*Q^5+0,0,0,0,0,0,0.0000449816*J1^1*Q^4+-0.0000310342*Q^5+0,0,0.0000519403*J1^1*Q^4+-0.0000358352*Q^5+0,0,0,0,0,0,0.0000259702*J1^1*Q^4+-0.0000179176*Q^5+0,0,0.0000299878*J1^1*Q^4+-0.0000206894*Q^5+0,0,0,0,0,0,-0.0000449816*J1^1*Q^4+0.0000310342*Q^5+0,0,-0.0000519403*J1^1*Q^4+0.0000358352*Q^5+0,0,0,0,0,0,-0.0000299878*J1^1*Q^4+0.0000206894*Q^5+0,0,-0.0000346269*J1^1*Q^4+0.0000238901*Q^5+0,0,0,0,0,0,0.0000519403*J1^1*Q^4+-0.0000358352*Q^5+0,0,0.0000599755*J1^1*Q^4+-0.0000413789*Q^5+0,0,0,0,0,0},
{0,0.0000224908*J1^1*Q^4+-0.0000155171*Q^5+0,0,0.0000259702*J1^1*Q^4+-0.0000179176*Q^5+0,0,0,0,0,0,-0.0000389552*J1^1*Q^4+0.0000268764*Q^5+0,0,-0.0000449816*J1^1*Q^4+0.0000310342*Q^5+0,0,0,0,0,0,-0.0000259702*J1^1*Q^4+0.0000179176*Q^5+0,0,-0.0000299878*J1^1*Q^4+0.0000206894*Q^5+0,0,0,0,0,0,0.0000449816*J1^1*Q^4+-0.0000310342*Q^5+0,0,0.0000519403*J1^1*Q^4+-0.0000358352*Q^5+0,0,0,0,0,0,0.0000259702*J1^1*Q^4+-0.0000179176*Q^5+0,0,0.0000299878*J1^1*Q^4+-0.0000206894*Q^5+0,0,0,0,0,0,-0.0000449816*J1^1*Q^4+0.0000310342*Q^5+0,0,-0.0000519403*J1^1*Q^4+0.0000358352*Q^5+0,0,0,0,0,0,-0.0000299878*J1^1*Q^4+0.0000206894*Q^5+0,0,-0.0000346269*J1^1*Q^4+0.0000238901*Q^5+0,0,0,0,0,0,0.0000519403*J1^1*Q^4+-0.0000358352*Q^5+0,0,0.0000599755*J1^1*Q^4+-0.0000413789*Q^5+0,0,0,0,0},
{0,0,0,0,0,0,0.0000224908*J1^1*Q^4+-0.0000155171*Q^5+0,0,0,0,0,0,0,0,-0.0000389552*J1^1*Q^4+0.0000268764*Q^5+0,0,0,0,0,0,0,0,-0.0000259702*J1^1*Q^4+0.0000179176*Q^5+0,0,0,0,0,0,0,0,0.0000449816*J1^1*Q^4+-0.0000310342*Q^5+0,0,0,0,0,0,0,0,0.0000259702*J1^1*Q^4+-0.0000179176*Q^5+0,0,0,0,0,0,0,0,-0.0000449816*J1^1*Q^4+0.0000310342*Q^5+0,0,0,0,0,0,0,0,-0.0000299878*J1^1*Q^4+0.0000206894*Q^5+0,0,0,0,0,0,0,0,0.0000519403*J1^1*Q^4+-0.0000358352*Q^5+0,0},
{0,0,0,0,0,0,0,0.0000224908*J1^1*Q^4+-0.0000155171*Q^5+0,0,0,0,0,0,0,0,-0.0000389552*J1^1*Q^4+0.0000268764*Q^5+0,0,0,0,0,0,0,0,-0.0000259702*J1^1*Q^4+0.0000179176*Q^5+0,0,0,0,0,0,0,0,0.0000449816*J1^1*Q^4+-0.0000310342*Q^5+0,0,0,0,0,0,0,0,0.0000259702*J1^1*Q^4+-0.0000179176*Q^5+0,0,0,0,0,0,0,0,-0.0000449816*J1^1*Q^4+0.0000310342*Q^5+0,0,0,0,0,0,0,0,-0.0000299878*J1^1*Q^4+0.0000206894*Q^5+0,0,0,0,0,0,0,0,0.0000519403*J1^1*Q^4+-0.0000358352*Q^5+0},
{0,0,0,0,0.0000224908*J1^1*Q^4+-0.0000155171*Q^5+0,0,0.0000259702*J1^1*Q^4+-0.0000179176*Q^5+0,0,0,0,0,0,-0.0000389552*J1^1*Q^4+0.0000268764*Q^5+0,0,-0.0000449816*J1^1*Q^4+0.0000310342*Q^5+0,0,0,0,0,0,-0.0000259702*J1^1*Q^4+0.0000179176*Q^5+0,0,-0.0000299878*J1^1*Q^4+0.0000206894*Q^5+0,0,0,0,0,0,0.0000449816*J1^1*Q^4+-0.0000310342*Q^5+0,0,0.0000519403*J1^1*Q^4+-0.0000358352*Q^5+0,0,0,0,0,0,0.0000259702*J1^1*Q^4+-0.0000179176*Q^5+0,0,0.0000299878*J1^1*Q^4+-0.0000206894*Q^5+0,0,0,0,0,0,-0.0000449816*J1^1*Q^4+0.0000310342*Q^5+0,0,-0.0000519403*J1^1*Q^4+0.0000358352*Q^5+0,0,0,0,0,0,-0.0000299878*J1^1*Q^4+0.0000206894*Q^5+0,0,-0.0000346269*J1^1*Q^4+0.0000238901*Q^5+0,0,0,0,0,0,0.0000519403*J1^1*Q^4+-0.0000358352*Q^5+0,0,0.0000599755*J1^1*Q^4+-0.0000413789*Q^5+0,0},
{0,0,0,0,0,0.0000224908*J1^1*Q^4+-0.0000155171*Q^5+0,0,0.0000259702*J1^1*Q^4+-0.0000179176*Q^5+0,0,0,0,0,0,-0.0000389552*J1^1*Q^4+0.0000268764*Q^5+0,0,-0.0000449816*J1^1*Q^4+0.0000310342*Q^5+0,0,0,0,0,0,-0.0000259702*J1^1*Q^4+0.0000179176*Q^5+0,0,-0.0000299878*J1^1*Q^4+0.0000206894*Q^5+0,0,0,0,0,0,0.0000449816*J1^1*Q^4+-0.0000310342*Q^5+0,0,0.0000519403*J1^1*Q^4+-0.0000358352*Q^5+0,0,0,0,0,0,0.0000259702*J1^1*Q^4+-0.0000179176*Q^5+0,0,0.0000299878*J1^1*Q^4+-0.0000206894*Q^5+0,0,0,0,0,0,-0.0000449816*J1^1*Q^4+0.0000310342*Q^5+0,0,-0.0000519403*J1^1*Q^4+0.0000358352*Q^5+0,0,0,0,0,0,-0.0000299878*J1^1*Q^4+0.0000206894*Q^5+0,0,-0.0000346269*J1^1*Q^4+0.0000238901*Q^5+0,0,0,0,0,0,0.0000519403*J1^1*Q^4+-0.0000358352*Q^5+0,0,0.0000599755*J1^1*Q^4+-0.0000413789*Q^5+0}
}