64
{{0,0,0,0,0,0,0,0,0,0,0,0,0,0,0,0,0,0,0,0,0,0,0,0,0,0,0,0,0,0,0,0,0,0,0,0,0,0,0,0,0,0,0,0,0,0,0,0,0,0,0,0,0.0000792870*J1^2*Q^3+-0.0000792870*J1^1*Q^4+0.0000148663*Q^5+0,0,0,0.0000264290*J1^2*Q^3+-0.0000396435*J1^1*Q^4+0.0000148663*Q^5+0,0,0,0,0,-0.0000457764*J1^2*Q^3+0.0000457764*J1^1*Q^4+-0.0000085831*Q^5+0,0,0,-0.0000152588*J1^2*Q^3+0.0000228882*J1^1*Q^4+-0.0000085831*Q^5+0},
{0,0,0,0,0,0,0,0,0,0,0,0,0,0,0,0,0,0,0,0,0,0,0,0,0,0,0,0,0,0,0,0,0,0,0,0,0,0,0,0,0,0,0,0,0,0,0,0,0,0,0,0,0,0.0000792870*J1^2*Q^3+-0.0000792870*J1^1*Q^4+0.0000148663*Q^5+0,0.0000264290*J1^2*Q^3+-0.0000396435*J1^1*Q^4+0.0000148663*Q^5+0,-0.0000305176*J1^2*Q^3+0.0000457764*J1^1*Q^4+-0.0000171661*Q^5+0,0,0,0,0,0,-0.0000457764*J1^2*Q^3+0.0000457764*J1^1*Q^4+-0.0000085831*Q^5+0,-0.0000152588*J1^2*Q^3+0.0000228882*J1^1*Q^4+-0.0000085831*Q^5+0,0.0000176193*J1^2*Q^3+-0.0000264290*J1^1*Q^4+0.0000099109*Q^5+0},
{0,0,0,0,0,0,0,0,0,0,0,0,0,0,0,0,0,0,0,0,0,0,0,0,0,0,0,0,0,0,0,0,0,0,0,0,0,0,0,0,0,0,0,0,0,0,0,0,0,0,0,0,0,0.0000264290*J1^2*Q^3+-0.0000396435*J1^1*Q^4+0.0000148663*Q^5+0,0.0000792870*J1^2*Q^3+-0.0000792870*J1^1*Q^4+0.0000148663*Q^5+0,-0.0000305176*J1^2*Q^3+0.0000457764*J1^1*Q^4+-0.0000171661*Q^5+0,0,0,0,0,0,-0.0000152588*J1^2*Q^3+0.0000228882*J1^1*Q^4+-0.0000085831*Q^5+0,-0.0000457764*J1^2*Q^3+0.0000457764*J1^1*Q^4+-0.0000085831*Q^5+0,0.0000176193*J1^2*Q^3+-0.0000264290*J1^1*Q^4+0.0000099109*Q^5+0},
{0,0,0,0,0,0,0,0,0,0,0,0,0,0,0,0,0,0,0,0,0,0,0,0,0,0,0,0,0,0,0,0,0,0,0,0,0,0,0,0,0,0,0,0,0,0,0,0,0,0,0,0,0.0000264290*J1^2*Q^3+-0.0000396435*J1^1*Q^4+0.0000148663*Q^5+0,-0.0000305176*J1^2*Q^3+0.0000457764*J1^1*Q^4+-0.0000171661*Q^5+0,-0.0000305176*J1^2*Q^3+0.0000457764*J1^1*Q^4+-0.0000171661*Q^5+0,0.0001145257*J1^2*Q^3+-0.0001321450*J1^1*Q^4+0.0000346881*Q^5+0,0,0,0,0,-0.0000152588*J1^2*Q^3+0.0000228882*J1^1*Q^4+-0.0000085831*Q^5+0,0.0000176193*J1^2*Q^3+-0.0000264290*J1^1*Q^4+0.0000099109*Q^5+0,0.0000176193*J1^2*Q^3+-0.0000264290*J1^1*Q^4+0.0000099109*Q^5+0,-0.0000661214*J1^2*Q^3+0.0000762939*J1^1*Q^4+-0.0000200272*Q^5+0},
{0,0,0,0,0,0,0,0,0,0,0,0,0,0,0,0,0,0,0,0,0,0,0,0,0,0,0,0,0,0,0,0,0,0,0,0,0,0,0,0,0,0,0,0,0,0,0,0,0.0000792870*J1^2*Q^3+-0.0000792870*J1^1*Q^4+0.0000148663*Q^5+0,0,0,0.0000264290*J1^2*Q^3+-0.0000396435*J1^1*Q^4+0.0000148663*Q^5+0,-0.0000915527*J1^2*Q^3+0.0000915527*J1^1*Q^4+-0.0000171661*Q^5+0,0,0,-0.0000305176*J1^2*Q^3+0.0000457764*J1^1*Q^4+-0.0000171661*Q^5+0,-0.0000457764*J1^2*Q^3+0.0000457764*J1^1*Q^4+-0.0000085831*Q^5+0,0,0,-0.0000152588*J1^2*Q^3+0.0000228882*J1^1*Q^4+-0.0000085831*Q^5+0,0.0000528580*J1^2*Q^3+-0.0000528580*J1^1*Q^4+0.0000099109*Q^5+0,0,0,0.0000176193*J1^2*Q^3+-0.0000264290*J1^1*Q^4+0.0000099109*Q^5+0},
{0,0,0,0,0,0,0,0,0,0,0,0,0,0,0,0,0,0,0,0,0,0,0,0,0,0,0,0,0,0,0,0,0,0,0,0,0,0,0,0,0,0,0,0,0,0,0,0,0,0.0000792870*J1^2*Q^3+-0.0000792870*J1^1*Q^4+0.0000148663*Q^5+0,0.0000264290*J1^2*Q^3+-0.0000396435*J1^1*Q^4+0.0000148663*Q^5+0,-0.0000305176*J1^2*Q^3+0.0000457764*J1^1*Q^4+-0.0000171661*Q^5+0,0,-0.0000915527*J1^2*Q^3+0.0000915527*J1^1*Q^4+-0.0000171661*Q^5+0,-0.0000305176*J1^2*Q^3+0.0000457764*J1^1*Q^4+-0.0000171661*Q^5+0,0.0000352387*J1^2*Q^3+-0.0000528580*J1^1*Q^4+0.0000198217*Q^5+0,0,-0.0000457764*J1^2*Q^3+0.0000457764*J1^1*Q^4+-0.0000085831*Q^5+0,-0.0000152588*J1^2*Q^3+0.0000228882*J1^1*Q^4+-0.0000085831*Q^5+0,0.0000176193*J1^2*Q^3+-0.0000264290*J1^1*Q^4+0.0000099109*Q^5+0,0,0.0000528580*J1^2*Q^3+-0.0000528580*J1^1*Q^4+0.0000099109*Q^5+0,0.0000176193*J1^2*Q^3+-0.0000264290*J1^1*Q^4+0.0000099109*Q^5+0,-0.0000203451*J1^2*Q^3+0.0000305176*J1^1*Q^4+-0.0000114441*Q^5+0},
{0,0,0,0,0,0,0,0,0,0,0,0,0,0,0,0,0,0,0,0,0,0,0,0,0,0,0,0,0,0,0,0,0,0,0,0,0,0,0,0,0,0,0,0,0,0,0,0,0,0.0000264290*J1^2*Q^3+-0.0000396435*J1^1*Q^4+0.0000148663*Q^5+0,0.0000792870*J1^2*Q^3+-0.0000792870*J1^1*Q^4+0.0000148663*Q^5+0,-0.0000305176*J1^2*Q^3+0.0000457764*J1^1*Q^4+-0.0000171661*Q^5+0,0,-0.0000305176*J1^2*Q^3+0.0000457764*J1^1*Q^4+-0.0000171661*Q^5+0,-0.0000915527*J1^2*Q^3+0.0000915527*J1^1*Q^4+-0.0000171661*Q^5+0,0.0000352387*J1^2*Q^3+-0.0000528580*J1^1*Q^4+0.0000198217*Q^5+0,0,-0.0000152588*J1^2*Q^3+0.0000228882*J1^1*Q^4+-0.0000085831*Q^5+0,-0.0000457764*J1^2*Q^3+0.0000457764*J1^1*Q^4+-0.0000085831*Q^5+0,0.0000176193*J1^2*Q^3+-0.0000264290*J1^1*Q^4+0.0000099109*Q^5+0,0,0.0000176193*J1^2*Q^3+-0.0000264290*J1^1*Q^4+0.0000099109*Q^5+0,0.0000528580*J1^2*Q^3+-0.0000528580*J1^1*Q^4+0.0000099109*Q^5+0,-0.0000203451*J1^2*Q^3+0.0000305176*J1^1*Q^4+-0.0000114441*Q^5+0},
{0,0,0,0,0,0,0,0,0,0,0,0,0,0,0,0,0,0,0,0,0,0,0,0,0,0,0,0,0,0,0,0,0,0,0,0,0,0,0,0,0,0,0,0,0,0,0,0,0.0000264290*J1^2*Q^3+-0.0000396435*J1^1*Q^4+0.0000148663*Q^5+0,-0.0000305176*J1^2*Q^3+0.0000457764*J1^1*Q^4+-0.0000171661*Q^5+0,-0.0000305176*J1^2*Q^3+0.0000457764*J1^1*Q^4+-0.0000171661*Q^5+0,0.0001145257*J1^2*Q^3+-0.0001321450*J1^1*Q^4+0.0000346881*Q^5+0,-0.0000305176*J1^2*Q^3+0.0000457764*J1^1*Q^4+-0.0000171661*Q^5+0,0.0000352387*J1^2*Q^3+-0.0000528580*J1^1*Q^4+0.0000198217*Q^5+0,0.0000352387*J1^2*Q^3+-0.0000528580*J1^1*Q^4+0.0000198217*Q^5+0,-0.0001322428*J1^2*Q^3+0.0001525879*J1^1*Q^4+-0.0000400543*Q^5+0,-0.0000152588*J1^2*Q^3+0.0000228882*J1^1*Q^4+-0.0000085831*Q^5+0,0.0000176193*J1^2*Q^3+-0.0000264290*J1^1*Q^4+0.0000099109*Q^5+0,0.0000176193*J1^2*Q^3+-0.0000264290*J1^1*Q^4+0.0000099109*Q^5+0,-0.0000661214*J1^2*Q^3+0.0000762939*J1^1*Q^4+-0.0000200272*Q^5+0,0.0000176193*J1^2*Q^3+-0.0000264290*J1^1*Q^4+0.0000099109*Q^5+0,-0.0000203451*J1^2*Q^3+0.0000305176*J1^1*Q^4+-0.0000114441*Q^5+0,-0.0000203451*J1^2*Q^3+0.0000305176*J1^1*Q^4+-0.0000114441*Q^5+0,0.0000763504*J1^2*Q^3+-0.0000880967*J1^1*Q^4+0.0000231254*Q^5+0},
{0,0,0,0,0,0,0,0,0,0,0,0,0,0,0,0,0,0,0,0,0,0,0,0,0,0,0,0,0,0,0,0,0,0,0,0,0,0,0,0,0,0,0,0,0,0,0,0,0,0,0,0,-0.0000457764*J1^2*Q^3+0.0000457764*J1^1*Q^4+-0.0000085831*Q^5+0,0,0,-0.0000152588*J1^2*Q^3+0.0000228882*J1^1*Q^4+-0.0000085831*Q^5+0,0,0,0,0,-0.0000792870*J1^2*Q^3+0.0000792870*J1^1*Q^4+-0.0000148663*Q^5+0,0,0,-0.0000264290*J1^2*Q^3+0.0000396435*J1^1*Q^4+-0.0000148663*Q^5+0},
{0,0,0,0,0,0,0,0,0,0,0,0,0,0,0,0,0,0,0,0,0,0,0,0,0,0,0,0,0,0,0,0,0,0,0,0,0,0,0,0,0,0,0,0,0,0,0,0,0,0,0,0,0,-0.0000457764*J1^2*Q^3+0.0000457764*J1^1*Q^4+-0.0000085831*Q^5+0,-0.0000152588*J1^2*Q^3+0.0000228882*J1^1*Q^4+-0.0000085831*Q^5+0,0.0000176193*J1^2*Q^3+-0.0000264290*J1^1*Q^4+0.0000099109*Q^5+0,0,0,0,0,0,-0.0000792870*J1^2*Q^3+0.0000792870*J1^1*Q^4+-0.0000148663*Q^5+0,-0.0000264290*J1^2*Q^3+0.0000396435*J1^1*Q^4+-0.0000148663*Q^5+0,0.0000305176*J1^2*Q^3+-0.0000457764*J1^1*Q^4+0.0000171661*Q^5+0},
{0,0,0,0,0,0,0,0,0,0,0,0,0,0,0,0,0,0,0,0,0,0,0,0,0,0,0,0,0,0,0,0,0,0,0,0,0,0,0,0,0,0,0,0,0,0,0,0,0,0,0,0,0,-0.0000152588*J1^2*Q^3+0.0000228882*J1^1*Q^4+-0.0000085831*Q^5+0,-0.0000457764*J1^2*Q^3+0.0000457764*J1^1*Q^4+-0.0000085831*Q^5+0,0.0000176193*J1^2*Q^3+-0.0000264290*J1^1*Q^4+0.0000099109*Q^5+0,0,0,0,0,0,-0.0000264290*J1^2*Q^3+0.0000396435*J1^1*Q^4+-0.0000148663*Q^5+0,-0.0000792870*J1^2*Q^3+0.0000792870*J1^1*Q^4+-0.0000148663*Q^5+0,0.0000305176*J1^2*Q^3+-0.0000457764*J1^1*Q^4+0.0000171661*Q^5+0},
{0,0,0,0,0,0,0,0,0,0,0,0,0,0,0,0,0,0,0,0,0,0,0,0,0,0,0,0,0,0,0,0,0,0,0,0,0,0,0,0,0,0,0,0,0,0,0,0,0,0,0,0,-0.0000152588*J1^2*Q^3+0.0000228882*J1^1*Q^4+-0.0000085831*Q^5+0,0.0000176193*J1^2*Q^3+-0.0000264290*J1^1*Q^4+0.0000099109*Q^5+0,0.0000176193*J1^2*Q^3+-0.0000264290*J1^1*Q^4+0.0000099109*Q^5+0,-0.0000661214*J1^2*Q^3+0.0000762939*J1^1*Q^4+-0.0000200272*Q^5+0,0,0,0,0,-0.0000264290*J1^2*Q^3+0.0000396435*J1^1*Q^4+-0.0000148663*Q^5+0,0.0000305176*J1^2*Q^3+-0.0000457764*J1^1*Q^4+0.0000171661*Q^5+0,0.0000305176*J1^2*Q^3+-0.0000457764*J1^1*Q^4+0.0000171661*Q^5+0,-0.0001145257*J1^2*Q^3+0.0001321450*J1^1*Q^4+-0.0000346881*Q^5+0},
{0,0,0,0,0,0,0,0,0,0,0,0,0,0,0,0,0,0,0,0,0,0,0,0,0,0,0,0,0,0,0,0,0,0,0,0,0,0,0,0,0,0,0,0,0,0,0,0,-0.0000457764*J1^2*Q^3+0.0000457764*J1^1*Q^4+-0.0000085831*Q^5+0,0,0,-0.0000152588*J1^2*Q^3+0.0000228882*J1^1*Q^4+-0.0000085831*Q^5+0,0.0000528580*J1^2*Q^3+-0.0000528580*J1^1*Q^4+0.0000099109*Q^5+0,0,0,0.0000176193*J1^2*Q^3+-0.0000264290*J1^1*Q^4+0.0000099109*Q^5+0,-0.0000792870*J1^2*Q^3+0.0000792870*J1^1*Q^4+-0.0000148663*Q^5+0,0,0,-0.0000264290*J1^2*Q^3+0.0000396435*J1^1*Q^4+-0.0000148663*Q^5+0,0.0000915527*J1^2*Q^3+-0.0000915527*J1^1*Q^4+0.0000171661*Q^5+0,0,0,0.0000305176*J1^2*Q^3+-0.0000457764*J1^1*Q^4+0.0000171661*Q^5+0},
{0,0,0,0,0,0,0,0,0,0,0,0,0,0,0,0,0,0,0,0,0,0,0,0,0,0,0,0,0,0,0,0,0,0,0,0,0,0,0,0,0,0,0,0,0,0,0,0,0,-0.0000457764*J1^2*Q^3+0.0000457764*J1^1*Q^4+-0.0000085831*Q^5+0,-0.0000152588*J1^2*Q^3+0.0000228882*J1^1*Q^4+-0.0000085831*Q^5+0,0.0000176193*J1^2*Q^3+-0.0000264290*J1^1*Q^4+0.0000099109*Q^5+0,0,0.0000528580*J1^2*Q^3+-0.0000528580*J1^1*Q^4+0.0000099109*Q^5+0,0.0000176193*J1^2*Q^3+-0.0000264290*J1^1*Q^4+0.0000099109*Q^5+0,-0.0000203451*J1^2*Q^3+0.0000305176*J1^1*Q^4+-0.0000114441*Q^5+0,0,-0.0000792870*J1^2*Q^3+0.0000792870*J1^1*Q^4+-0.0000148663*Q^5+0,-0.0000264290*J1^2*Q^3+0.0000396435*J1^1*Q^4+-0.0000148663*Q^5+0,0.0000305176*J1^2*Q^3+-0.0000457764*J1^1*Q^4+0.0000171661*Q^5+0,0,0.0000915527*J1^2*Q^3+-0.0000915527*J1^1*Q^4+0.0000171661*Q^5+0,0.0000305176*J1^2*Q^3+-0.0000457764*J1^1*Q^4+0.0000171661*Q^5+0,-0.0000352387*J1^2*Q^3+0.0000528580*J1^1*Q^4+-0.0000198217*Q^5+0},
{0,0,0,0,0,0,0,0,0,0,0,0,0,0,0,0,0,0,0,0,0,0,0,0,0,0,0,0,0,0,0,0,0,0,0,0,0,0,0,0,0,0,0,0,0,0,0,0,0,-0.0000152588*J1^2*Q^3+0.0000228882*J1^1*Q^4+-0.0000085831*Q^5+0,-0.0000457764*J1^2*Q^3+0.0000457764*J1^1*Q^4+-0.0000085831*Q^5+0,0.0000176193*J1^2*Q^3+-0.0000264290*J1^1*Q^4+0.0000099109*Q^5+0,0,0.0000176193*J1^2*Q^3+-0.0000264290*J1^1*Q^4+0.0000099109*Q^5+0,0.0000528580*J1^2*Q^3+-0.0000528580*J1^1*Q^4+0.0000099109*Q^5+0,-0.0000203451*J1^2*Q^3+0.0000305176*J1^1*Q^4+-0.0000114441*Q^5+0,0,-0.0000264290*J1^2*Q^3+0.0000396435*J1^1*Q^4+-0.0000148663*Q^5+0,-0.0000792870*J1^2*Q^3+0.0000792870*J1^1*Q^4+-0.0000148663*Q^5+0,0.0000305176*J1^2*Q^3+-0.0000457764*J1^1*Q^4+0.0000171661*Q^5+0,0,0.0000305176*J1^2*Q^3+-0.0000457764*J1^1*Q^4+0.0000171661*Q^5+0,0.0000915527*J1^2*Q^3+-0.0000915527*J1^1*Q^4+0.0000171661*Q^5+0,-0.0000352387*J1^2*Q^3+0.0000528580*J1^1*Q^4+-0.0000198217*Q^5+0},
{0,0,0,0,0,0,0,0,0,0,0,0,0,0,0,0,0,0,0,0,0,0,0,0,0,0,0,0,0,0,0,0,0,0,0,0,0,0,0,0,0,0,0,0,0,0,0,0,-0.0000152588*J1^2*Q^3+0.0000228882*J1^1*Q^4+-0.0000085831*Q^5+0,0.0000176193*J1^2*Q^3+-0.0000264290*J1^1*Q^4+0.0000099109*Q^5+0,0.0000176193*J1^2*Q^3+-0.0000264290*J1^1*Q^4+0.0000099109*Q^5+0,-0.0000661214*J1^2*Q^3+0.0000762939*J1^1*Q^4+-0.0000200272*Q^5+0,0.0000176193*J1^2*Q^3+-0.0000264290*J1^1*Q^4+0.0000099109*Q^5+0,-0.0000203451*J1^2*Q^3+0.0000305176*J1^1*Q^4+-0.0000114441*Q^5+0,-0.0000203451*J1^2*Q^3+0.0000305176*J1^1*Q^4+-0.0000114441*Q^5+0,0.0000763504*J1^2*Q^3+-0.0000880967*J1^1*Q^4+0.0000231254*Q^5+0,-0.0000264290*J1^2*Q^3+0.0000396435*J1^1*Q^4+-0.0000148663*Q^5+0,0.0000305176*J1^2*Q^3+-0.0000457764*J1^1*Q^4+0.0000171661*Q^5+0,0.0000305176*J1^2*Q^3+-0.0000457764*J1^1*Q^4+0.0000171661*Q^5+0,-0.0001145257*J1^2*Q^3+0.0001321450*J1^1*Q^4+-0.0000346881*Q^5+0,0.0000305176*J1^2*Q^3+-0.0000457764*J1^1*Q^4+0.0000171661*Q^5+0,-0.0000352387*J1^2*Q^3+0.0000528580*J1^1*Q^4+-0.0000198217*Q^5+0,-0.0000352387*J1^2*Q^3+0.0000528580*J1^1*Q^4+-0.0000198217*Q^5+0,0.0001322428*J1^2*Q^3+-0.0001525879*J1^1*Q^4+0.0000400543*Q^5+0},
{0,0,0,0,0,0,0,0,0,0,0,0,0,0,0,0,0,0,0,0,0,0,0,0,0,0,0,0,0,0,0,0,0,0,0,0,0.0000792870*J1^2*Q^3+-0.0000792870*J1^1*Q^4+0.0000148663*Q^5+0,0,0,0.0000264290*J1^2*Q^3+-0.0000396435*J1^1*Q^4+0.0000148663*Q^5+0,0,0,0,0,-0.0000457764*J1^2*Q^3+0.0000457764*J1^1*Q^4+-0.0000085831*Q^5+0,0,0,-0.0000152588*J1^2*Q^3+0.0000228882*J1^1*Q^4+-0.0000085831*Q^5+0,0,0,0,0,-0.0000915527*J1^2*Q^3+0.0000915527*J1^1*Q^4+-0.0000171661*Q^5+0,0,0,-0.0000305176*J1^2*Q^3+0.0000457764*J1^1*Q^4+-0.0000171661*Q^5+0,0,0,0,0,0.0000528580*J1^2*Q^3+-0.0000528580*J1^1*Q^4+0.0000099109*Q^5+0,0,0,0.0000176193*J1^2*Q^3+-0.0000264290*J1^1*Q^4+0.0000099109*Q^5+0},
{0,0,0,0,0,0,0,0,0,0,0,0,0,0,0,0,0,0,0,0,0,0,0,0,0,0,0,0,0,0,0,0,0,0,0,0,0,0.0000792870*J1^2*Q^3+-0.0000792870*J1^1*Q^4+0.0000148663*Q^5+0,0.0000264290*J1^2*Q^3+-0.0000396435*J1^1*Q^4+0.0000148663*Q^5+0,-0.0000305176*J1^2*Q^3+0.0000457764*J1^1*Q^4+-0.0000171661*Q^5+0,0,0,0,0,0,-0.0000457764*J1^2*Q^3+0.0000457764*J1^1*Q^4+-0.0000085831*Q^5+0,-0.0000152588*J1^2*Q^3+0.0000228882*J1^1*Q^4+-0.0000085831*Q^5+0,0.0000176193*J1^2*Q^3+-0.0000264290*J1^1*Q^4+0.0000099109*Q^5+0,0,0,0,0,0,-0.0000915527*J1^2*Q^3+0.0000915527*J1^1*Q^4+-0.0000171661*Q^5+0,-0.0000305176*J1^2*Q^3+0.0000457764*J1^1*Q^4+-0.0000171661*Q^5+0,0.0000352387*J1^2*Q^3+-0.0000528580*J1^1*Q^4+0.0000198217*Q^5+0,0,0,0,0,0,0.0000528580*J1^2*Q^3+-0.0000528580*J1^1*Q^4+0.0000099109*Q^5+0,0.0000176193*J1^2*Q^3+-0.0000264290*J1^1*Q^4+0.0000099109*Q^5+0,-0.0000203451*J1^2*Q^3+0.0000305176*J1^1*Q^4+-0.0000114441*Q^5+0},
{0,0,0,0,0,0,0,0,0,0,0,0,0,0,0,0,0,0,0,0,0,0,0,0,0,0,0,0,0,0,0,0,0,0,0,0,0,0.0000264290*J1^2*Q^3+-0.0000396435*J1^1*Q^4+0.0000148663*Q^5+0,0.0000792870*J1^2*Q^3+-0.0000792870*J1^1*Q^4+0.0000148663*Q^5+0,-0.0000305176*J1^2*Q^3+0.0000457764*J1^1*Q^4+-0.0000171661*Q^5+0,0,0,0,0,0,-0.0000152588*J1^2*Q^3+0.0000228882*J1^1*Q^4+-0.0000085831*Q^5+0,-0.0000457764*J1^2*Q^3+0.0000457764*J1^1*Q^4+-0.0000085831*Q^5+0,0.0000176193*J1^2*Q^3+-0.0000264290*J1^1*Q^4+0.0000099109*Q^5+0,0,0,0,0,0,-0.0000305176*J1^2*Q^3+0.0000457764*J1^1*Q^4+-0.0000171661*Q^5+0,-0.0000915527*J1^2*Q^3+0.0000915527*J1^1*Q^4+-0.0000171661*Q^5+0,0.0000352387*J1^2*Q^3+-0.0000528580*J1^1*Q^4+0.0000198217*Q^5+0,0,0,0,0,0,0.0000176193*J1^2*Q^3+-0.0000264290*J1^1*Q^4+0.0000099109*Q^5+0,0.0000528580*J1^2*Q^3+-0.0000528580*J1^1*Q^4+0.0000099109*Q^5+0,-0.0000203451*J1^2*Q^3+0.0000305176*J1^1*Q^4+-0.0000114441*Q^5+0},
{0,0,0,0,0,0,0,0,0,0,0,0,0,0,0,0,0,0,0,0,0,0,0,0,0,0,0,0,0,0,0,0,0,0,0,0,0.0000264290*J1^2*Q^3+-0.0000396435*J1^1*Q^4+0.0000148663*Q^5+0,-0.0000305176*J1^2*Q^3+0.0000457764*J1^1*Q^4+-0.0000171661*Q^5+0,-0.0000305176*J1^2*Q^3+0.0000457764*J1^1*Q^4+-0.0000171661*Q^5+0,0.0001145257*J1^2*Q^3+-0.0001321450*J1^1*Q^4+0.0000346881*Q^5+0,0,0,0,0,-0.0000152588*J1^2*Q^3+0.0000228882*J1^1*Q^4+-0.0000085831*Q^5+0,0.0000176193*J1^2*Q^3+-0.0000264290*J1^1*Q^4+0.0000099109*Q^5+0,0.0000176193*J1^2*Q^3+-0.0000264290*J1^1*Q^4+0.0000099109*Q^5+0,-0.0000661214*J1^2*Q^3+0.0000762939*J1^1*Q^4+-0.0000200272*Q^5+0,0,0,0,0,-0.0000305176*J1^2*Q^3+0.0000457764*J1^1*Q^4+-0.0000171661*Q^5+0,0.0000352387*J1^2*Q^3+-0.0000528580*J1^1*Q^4+0.0000198217*Q^5+0,0.0000352387*J1^2*Q^3+-0.0000528580*J1^1*Q^4+0.0000198217*Q^5+0,-0.0001322428*J1^2*Q^3+0.0001525879*J1^1*Q^4+-0.0000400543*Q^5+0,0,0,0,0,0.0000176193*J1^2*Q^3+-0.0000264290*J1^1*Q^4+0.0000099109*Q^5+0,-0.0000203451*J1^2*Q^3+0.0000305176*J1^1*Q^4+-0.0000114441*Q^5+0,-0.0000203451*J1^2*Q^3+0.0000305176*J1^1*Q^4+-0.0000114441*Q^5+0,0.0000763504*J1^2*Q^3+-0.0000880967*J1^1*Q^4+0.0000231254*Q^5+0},
{0,0,0,0,0,0,0,0,0,0,0,0,0,0,0,0,0,0,0,0,0,0,0,0,0,0,0,0,0,0,0,0,0.0000792870*J1^2*Q^3+-0.0000792870*J1^1*Q^4+0.0000148663*Q^5+0,0,0,0.0000264290*J1^2*Q^3+-0.0000396435*J1^1*Q^4+0.0000148663*Q^5+0,-0.0000915527*J1^2*Q^3+0.0000915527*J1^1*Q^4+-0.0000171661*Q^5+0,0,0,-0.0000305176*J1^2*Q^3+0.0000457764*J1^1*Q^4+-0.0000171661*Q^5+0,-0.0000457764*J1^2*Q^3+0.0000457764*J1^1*Q^4+-0.0000085831*Q^5+0,0,0,-0.0000152588*J1^2*Q^3+0.0000228882*J1^1*Q^4+-0.0000085831*Q^5+0,0.0000528580*J1^2*Q^3+-0.0000528580*J1^1*Q^4+0.0000099109*Q^5+0,0,0,0.0000176193*J1^2*Q^3+-0.0000264290*J1^1*Q^4+0.0000099109*Q^5+0,-0.0000915527*J1^2*Q^3+0.0000915527*J1^1*Q^4+-0.0000171661*Q^5+0,0,0,-0.0000305176*J1^2*Q^3+0.0000457764*J1^1*Q^4+-0.0000171661*Q^5+0,0.0001057160*J1^2*Q^3+-0.0001057160*J1^1*Q^4+0.0000198217*Q^5+0,0,0,0.0000352387*J1^2*Q^3+-0.0000528580*J1^1*Q^4+0.0000198217*Q^5+0,0.0000528580*J1^2*Q^3+-0.0000528580*J1^1*Q^4+0.0000099109*Q^5+0,0,0,0.0000176193*J1^2*Q^3+-0.0000264290*J1^1*Q^4+0.0000099109*Q^5+0,-0.0000610352*J1^2*Q^3+0.0000610352*J1^1*Q^4+-0.0000114441*Q^5+0,0,0,-0.0000203451*J1^2*Q^3+0.0000305176*J1^1*Q^4+-0.0000114441*Q^5+0},
{0,0,0,0,0,0,0,0,0,0,0,0,0,0,0,0,0,0,0,0,0,0,0,0,0,0,0,0,0,0,0,0,0,0.0000792870*J1^2*Q^3+-0.0000792870*J1^1*Q^4+0.0000148663*Q^5+0,0.0000264290*J1^2*Q^3+-0.0000396435*J1^1*Q^4+0.0000148663*Q^5+0,-0.0000305176*J1^2*Q^3+0.0000457764*J1^1*Q^4+-0.0000171661*Q^5+0,0,-0.0000915527*J1^2*Q^3+0.0000915527*J1^1*Q^4+-0.0000171661*Q^5+0,-0.0000305176*J1^2*Q^3+0.0000457764*J1^1*Q^4+-0.0000171661*Q^5+0,0.0000352387*J1^2*Q^3+-0.0000528580*J1^1*Q^4+0.0000198217*Q^5+0,0,-0.0000457764*J1^2*Q^3+0.0000457764*J1^1*Q^4+-0.0000085831*Q^5+0,-0.0000152588*J1^2*Q^3+0.0000228882*J1^1*Q^4+-0.0000085831*Q^5+0,0.0000176193*J1^2*Q^3+-0.0000264290*J1^1*Q^4+0.0000099109*Q^5+0,0,0.0000528580*J1^2*Q^3+-0.0000528580*J1^1*Q^4+0.0000099109*Q^5+0,0.0000176193*J1^2*Q^3+-0.0000264290*J1^1*Q^4+0.0000099109*Q^5+0,-0.0000203451*J1^2*Q^3+0.0000305176*J1^1*Q^4+-0.0000114441*Q^5+0,0,-0.0000915527*J1^2*Q^3+0.0000915527*J1^1*Q^4+-0.0000171661*Q^5+0,-0.0000305176*J1^2*Q^3+0.0000457764*J1^1*Q^4+-0.0000171661*Q^5+0,0.0000352387*J1^2*Q^3+-0.0000528580*J1^1*Q^4+0.0000198217*Q^5+0,0,0.0001057160*J1^2*Q^3+-0.0001057160*J1^1*Q^4+0.0000198217*Q^5+0,0.0000352387*J1^2*Q^3+-0.0000528580*J1^1*Q^4+0.0000198217*Q^5+0,-0.0000406901*J1^2*Q^3+0.0000610352*J1^1*Q^4+-0.0000228882*Q^5+0,0,0.0000528580*J1^2*Q^3+-0.0000528580*J1^1*Q^4+0.0000099109*Q^5+0,0.0000176193*J1^2*Q^3+-0.0000264290*J1^1*Q^4+0.0000099109*Q^5+0,-0.0000203451*J1^2*Q^3+0.0000305176*J1^1*Q^4+-0.0000114441*Q^5+0,0,-0.0000610352*J1^2*Q^3+0.0000610352*J1^1*Q^4+-0.0000114441*Q^5+0,-0.0000203451*J1^2*Q^3+0.0000305176*J1^1*Q^4+-0.0000114441*Q^5+0,0.0000234924*J1^2*Q^3+-0.0000352387*J1^1*Q^4+0.0000132145*Q^5+0},
{0,0,0,0,0,0,0,0,0,0,0,0,0,0,0,0,0,0,0,0,0,0,0,0,0,0,0,0,0,0,0,0,0,0.0000264290*J1^2*Q^3+-0.0000396435*J1^1*Q^4+0.0000148663*Q^5+0,0.0000792870*J1^2*Q^3+-0.0000792870*J1^1*Q^4+0.0000148663*Q^5+0,-0.0000305176*J1^2*Q^3+0.0000457764*J1^1*Q^4+-0.0000171661*Q^5+0,0,-0.0000305176*J1^2*Q^3+0.0000457764*J1^1*Q^4+-0.0000171661*Q^5+0,-0.0000915527*J1^2*Q^3+0.0000915527*J1^1*Q^4+-0.0000171661*Q^5+0,0.0000352387*J1^2*Q^3+-0.0000528580*J1^1*Q^4+0.0000198217*Q^5+0,0,-0.0000152588*J1^2*Q^3+0.0000228882*J1^1*Q^4+-0.0000085831*Q^5+0,-0.0000457764*J1^2*Q^3+0.0000457764*J1^1*Q^4+-0.0000085831*Q^5+0,0.0000176193*J1^2*Q^3+-0.0000264290*J1^1*Q^4+0.0000099109*Q^5+0,0,0.0000176193*J1^2*Q^3+-0.0000264290*J1^1*Q^4+0.0000099109*Q^5+0,0.0000528580*J1^2*Q^3+-0.0000528580*J1^1*Q^4+0.0000099109*Q^5+0,-0.0000203451*J1^2*Q^3+0.0000305176*J1^1*Q^4+-0.0000114441*Q^5+0,0,-0.0000305176*J1^2*Q^3+0.0000457764*J1^1*Q^4+-0.0000171661*Q^5+0,-0.0000915527*J1^2*Q^3+0.0000915527*J1^1*Q^4+-0.0000171661*Q^5+0,0.0000352387*J1^2*Q^3+-0.0000528580*J1^1*Q^4+0.0000198217*Q^5+0,0,0.0000352387*J1^2*Q^3+-0.0000528580*J1^1*Q^4+0.0000198217*Q^5+0,0.0001057160*J1^2*Q^3+-0.0001057160*J1^1*Q^4+0.0000198217*Q^5+0,-0.0000406901*J1^2*Q^3+0.0000610352*J1^1*Q^4+-0.0000228882*Q^5+0,0,0.0000176193*J1^2*Q^3+-0.0000264290*J1^1*Q^4+0.0000099109*Q^5+0,0.0000528580*J1^2*Q^3+-0.0000528580*J1^1*Q^4+0.0000099109*Q^5+0,-0.0000203451*J1^2*Q^3+0.0000305176*J1^1*Q^4+-0.0000114441*Q^5+0,0,-0.0000203451*J1^2*Q^3+0.0000305176*J1^1*Q^4+-0.0000114441*Q^5+0,-0.0000610352*J1^2*Q^3+0.0000610352*J1^1*Q^4+-0.0000114441*Q^5+0,0.0000234924*J1^2*Q^3+-0.0000352387*J1^1*Q^4+0.0000132145*Q^5+0},
{0,0,0,0,0,0,0,0,0,0,0,0,0,0,0,0,0,0,0,0,0,0,0,0,0,0,0,0,0,0,0,0,0.0000264290*J1^2*Q^3+-0.0000396435*J1^1*Q^4+0.0000148663*Q^5+0,-0.0000305176*J1^2*Q^3+0.0000457764*J1^1*Q^4+-0.0000171661*Q^5+0,-0.0000305176*J1^2*Q^3+0.0000457764*J1^1*Q^4+-0.0000171661*Q^5+0,0.0001145257*J1^2*Q^3+-0.0001321450*J1^1*Q^4+0.0000346881*Q^5+0,-0.0000305176*J1^2*Q^3+0.0000457764*J1^1*Q^4+-0.0000171661*Q^5+0,0.0000352387*J1^2*Q^3+-0.0000528580*J1^1*Q^4+0.0000198217*Q^5+0,0.0000352387*J1^2*Q^3+-0.0000528580*J1^1*Q^4+0.0000198217*Q^5+0,-0.0001322428*J1^2*Q^3+0.0001525879*J1^1*Q^4+-0.0000400543*Q^5+0,-0.0000152588*J1^2*Q^3+0.0000228882*J1^1*Q^4+-0.0000085831*Q^5+0,0.0000176193*J1^2*Q^3+-0.0000264290*J1^1*Q^4+0.0000099109*Q^5+0,0.0000176193*J1^2*Q^3+-0.0000264290*J1^1*Q^4+0.0000099109*Q^5+0,-0.0000661214*J1^2*Q^3+0.0000762939*J1^1*Q^4+-0.0000200272*Q^5+0,0.0000176193*J1^2*Q^3+-0.0000264290*J1^1*Q^4+0.0000099109*Q^5+0,-0.0000203451*J1^2*Q^3+0.0000305176*J1^1*Q^4+-0.0000114441*Q^5+0,-0.0000203451*J1^2*Q^3+0.0000305176*J1^1*Q^4+-0.0000114441*Q^5+0,0.0000763504*J1^2*Q^3+-0.0000880967*J1^1*Q^4+0.0000231254*Q^5+0,-0.0000305176*J1^2*Q^3+0.0000457764*J1^1*Q^4+-0.0000171661*Q^5+0,0.0000352387*J1^2*Q^3+-0.0000528580*J1^1*Q^4+0.0000198217*Q^5+0,0.0000352387*J1^2*Q^3+-0.0000528580*J1^1*Q^4+0.0000198217*Q^5+0,-0.0001322428*J1^2*Q^3+0.0001525879*J1^1*Q^4+-0.0000400543*Q^5+0,0.0000352387*J1^2*Q^3+-0.0000528580*J1^1*Q^4+0.0000198217*Q^5+0,-0.0000406901*J1^2*Q^3+0.0000610352*J1^1*Q^4+-0.0000228882*Q^5+0,-0.0000406901*J1^2*Q^3+0.0000610352*J1^1*Q^4+-0.0000228882*Q^5+0,0.0001527009*J1^2*Q^3+-0.0001761933*J1^1*Q^4+0.0000462507*Q^5+0,0.0000176193*J1^2*Q^3+-0.0000264290*J1^1*Q^4+0.0000099109*Q^5+0,-0.0000203451*J1^2*Q^3+0.0000305176*J1^1*Q^4+-0.0000114441*Q^5+0,-0.0000203451*J1^2*Q^3+0.0000305176*J1^1*Q^4+-0.0000114441*Q^5+0,0.0000763504*J1^2*Q^3+-0.0000880967*J1^1*Q^4+0.0000231254*Q^5+0,-0.0000203451*J1^2*Q^3+0.0000305176*J1^1*Q^4+-0.0000114441*Q^5+0,0.0000234924*J1^2*Q^3+-0.0000352387*J1^1*Q^4+0.0000132145*Q^5+0,0.0000234924*J1^2*Q^3+-0.0000352387*J1^1*Q^4+0.0000132145*Q^5+0,-0.0000881619*J1^2*Q^3+0.0001017253*J1^1*Q^4+-0.0000267029*Q^5+0},
{0,0,0,0,0,0,0,0,0,0,0,0,0,0,0,0,0,0,0,0,0,0,0,0,0,0,0,0,0,0,0,0,0,0,0,0,-0.0000457764*J1^2*Q^3+0.0000457764*J1^1*Q^4+-0.0000085831*Q^5+0,0,0,-0.0000152588*J1^2*Q^3+0.0000228882*J1^1*Q^4+-0.0000085831*Q^5+0,0,0,0,0,-0.0000792870*J1^2*Q^3+0.0000792870*J1^1*Q^4+-0.0000148663*Q^5+0,0,0,-0.0000264290*J1^2*Q^3+0.0000396435*J1^1*Q^4+-0.0000148663*Q^5+0,0,0,0,0,0.0000528580*J1^2*Q^3+-0.0000528580*J1^1*Q^4+0.0000099109*Q^5+0,0,0,0.0000176193*J1^2*Q^3+-0.0000264290*J1^1*Q^4+0.0000099109*Q^5+0,0,0,0,0,0.0000915527*J1^2*Q^3+-0.0000915527*J1^1*Q^4+0.0000171661*Q^5+0,0,0,0.0000305176*J1^2*Q^3+-0.0000457764*J1^1*Q^4+0.0000171661*Q^5+0},
{0,0,0,0,0,0,0,0,0,0,0,0,0,0,0,0,0,0,0,0,0,0,0,0,0,0,0,0,0,0,0,0,0,0,0,0,0,-0.0000457764*J1^2*Q^3+0.0000457764*J1^1*Q^4+-0.0000085831*Q^5+0,-0.0000152588*J1^2*Q^3+0.0000228882*J1^1*Q^4+-0.0000085831*Q^5+0,0.0000176193*J1^2*Q^3+-0.0000264290*J1^1*Q^4+0.0000099109*Q^5+0,0,0,0,0,0,-0.0000792870*J1^2*Q^3+0.0000792870*J1^1*Q^4+-0.0000148663*Q^5+0,-0.0000264290*J1^2*Q^3+0.0000396435*J1^1*Q^4+-0.0000148663*Q^5+0,0.0000305176*J1^2*Q^3+-0.0000457764*J1^1*Q^4+0.0000171661*Q^5+0,0,0,0,0,0,0.0000528580*J1^2*Q^3+-0.0000528580*J1^1*Q^4+0.0000099109*Q^5+0,0.0000176193*J1^2*Q^3+-0.0000264290*J1^1*Q^4+0.0000099109*Q^5+0,-0.0000203451*J1^2*Q^3+0.0000305176*J1^1*Q^4+-0.0000114441*Q^5+0,0,0,0,0,0,0.0000915527*J1^2*Q^3+-0.0000915527*J1^1*Q^4+0.0000171661*Q^5+0,0.0000305176*J1^2*Q^3+-0.0000457764*J1^1*Q^4+0.0000171661*Q^5+0,-0.0000352387*J1^2*Q^3+0.0000528580*J1^1*Q^4+-0.0000198217*Q^5+0},
{0,0,0,0,0,0,0,0,0,0,0,0,0,0,0,0,0,0,0,0,0,0,0,0,0,0,0,0,0,0,0,0,0,0,0,0,0,-0.0000152588*J1^2*Q^3+0.0000228882*J1^1*Q^4+-0.0000085831*Q^5+0,-0.0000457764*J1^2*Q^3+0.0000457764*J1^1*Q^4+-0.0000085831*Q^5+0,0.0000176193*J1^2*Q^3+-0.0000264290*J1^1*Q^4+0.0000099109*Q^5+0,0,0,0,0,0,-0.0000264290*J1^2*Q^3+0.0000396435*J1^1*Q^4+-0.0000148663*Q^5+0,-0.0000792870*J1^2*Q^3+0.0000792870*J1^1*Q^4+-0.0000148663*Q^5+0,0.0000305176*J1^2*Q^3+-0.0000457764*J1^1*Q^4+0.0000171661*Q^5+0,0,0,0,0,0,0.0000176193*J1^2*Q^3+-0.0000264290*J1^1*Q^4+0.0000099109*Q^5+0,0.0000528580*J1^2*Q^3+-0.0000528580*J1^1*Q^4+0.0000099109*Q^5+0,-0.0000203451*J1^2*Q^3+0.0000305176*J1^1*Q^4+-0.0000114441*Q^5+0,0,0,0,0,0,0.0000305176*J1^2*Q^3+-0.0000457764*J1^1*Q^4+0.0000171661*Q^5+0,0.0000915527*J1^2*Q^3+-0.0000915527*J1^1*Q^4+0.0000171661*Q^5+0,-0.0000352387*J1^2*Q^3+0.0000528580*J1^1*Q^4+-0.0000198217*Q^5+0},
{0,0,0,0,0,0,0,0,0,0,0,0,0,0,0,0,0,0,0,0,0,0,0,0,0,0,0,0,0,0,0,0,0,0,0,0,-0.0000152588*J1^2*Q^3+0.0000228882*J1^1*Q^4+-0.0000085831*Q^5+0,0.0000176193*J1^2*Q^3+-0.0000264290*J1^1*Q^4+0.0000099109*Q^5+0,0.0000176193*J1^2*Q^3+-0.0000264290*J1^1*Q^4+0.0000099109*Q^5+0,-0.0000661214*J1^2*Q^3+0.0000762939*J1^1*Q^4+-0.0000200272*Q^5+0,0,0,0,0,-0.0000264290*J1^2*Q^3+0.0000396435*J1^1*Q^4+-0.0000148663*Q^5+0,0.0000305176*J1^2*Q^3+-0.0000457764*J1^1*Q^4+0.0000171661*Q^5+0,0.0000305176*J1^2*Q^3+-0.0000457764*J1^1*Q^4+0.0000171661*Q^5+0,-0.0001145257*J1^2*Q^3+0.0001321450*J1^1*Q^4+-0.0000346881*Q^5+0,0,0,0,0,0.0000176193*J1^2*Q^3+-0.0000264290*J1^1*Q^4+0.0000099109*Q^5+0,-0.0000203451*J1^2*Q^3+0.0000305176*J1^1*Q^4+-0.0000114441*Q^5+0,-0.0000203451*J1^2*Q^3+0.0000305176*J1^1*Q^4+-0.0000114441*Q^5+0,0.0000763504*J1^2*Q^3+-0.0000880967*J1^1*Q^4+0.0000231254*Q^5+0,0,0,0,0,0.0000305176*J1^2*Q^3+-0.0000457764*J1^1*Q^4+0.0000171661*Q^5+0,-0.0000352387*J1^2*Q^3+0.0000528580*J1^1*Q^4+-0.0000198217*Q^5+0,-0.0000352387*J1^2*Q^3+0.0000528580*J1^1*Q^4+-0.0000198217*Q^5+0,0.0001322428*J1^2*Q^3+-0.0001525879*J1^1*Q^4+0.0000400543*Q^5+0},
{0,0,0,0,0,0,0,0,0,0,0,0,0,0,0,0,0,0,0,0,0,0,0,0,0,0,0,0,0,0,0,0,-0.0000457764*J1^2*Q^3+0.0000457764*J1^1*Q^4+-0.0000085831*Q^5+0,0,0,-0.0000152588*J1^2*Q^3+0.0000228882*J1^1*Q^4+-0.0000085831*Q^5+0,0.0000528580*J1^2*Q^3+-0.0000528580*J1^1*Q^4+0.0000099109*Q^5+0,0,0,0.0000176193*J1^2*Q^3+-0.0000264290*J1^1*Q^4+0.0000099109*Q^5+0,-0.0000792870*J1^2*Q^3+0.0000792870*J1^1*Q^4+-0.0000148663*Q^5+0,0,0,-0.0000264290*J1^2*Q^3+0.0000396435*J1^1*Q^4+-0.0000148663*Q^5+0,0.0000915527*J1^2*Q^3+-0.0000915527*J1^1*Q^4+0.0000171661*Q^5+0,0,0,0.0000305176*J1^2*Q^3+-0.0000457764*J1^1*Q^4+0.0000171661*Q^5+0,0.0000528580*J1^2*Q^3+-0.0000528580*J1^1*Q^4+0.0000099109*Q^5+0,0,0,0.0000176193*J1^2*Q^3+-0.0000264290*J1^1*Q^4+0.0000099109*Q^5+0,-0.0000610352*J1^2*Q^3+0.0000610352*J1^1*Q^4+-0.0000114441*Q^5+0,0,0,-0.0000203451*J1^2*Q^3+0.0000305176*J1^1*Q^4+-0.0000114441*Q^5+0,0.0000915527*J1^2*Q^3+-0.0000915527*J1^1*Q^4+0.0000171661*Q^5+0,0,0,0.0000305176*J1^2*Q^3+-0.0000457764*J1^1*Q^4+0.0000171661*Q^5+0,-0.0001057160*J1^2*Q^3+0.0001057160*J1^1*Q^4+-0.0000198217*Q^5+0,0,0,-0.0000352387*J1^2*Q^3+0.0000528580*J1^1*Q^4+-0.0000198217*Q^5+0},
{0,0,0,0,0,0,0,0,0,0,0,0,0,0,0,0,0,0,0,0,0,0,0,0,0,0,0,0,0,0,0,0,0,-0.0000457764*J1^2*Q^3+0.0000457764*J1^1*Q^4+-0.0000085831*Q^5+0,-0.0000152588*J1^2*Q^3+0.0000228882*J1^1*Q^4+-0.0000085831*Q^5+0,0.0000176193*J1^2*Q^3+-0.0000264290*J1^1*Q^4+0.0000099109*Q^5+0,0,0.0000528580*J1^2*Q^3+-0.0000528580*J1^1*Q^4+0.0000099109*Q^5+0,0.0000176193*J1^2*Q^3+-0.0000264290*J1^1*Q^4+0.0000099109*Q^5+0,-0.0000203451*J1^2*Q^3+0.0000305176*J1^1*Q^4+-0.0000114441*Q^5+0,0,-0.0000792870*J1^2*Q^3+0.0000792870*J1^1*Q^4+-0.0000148663*Q^5+0,-0.0000264290*J1^2*Q^3+0.0000396435*J1^1*Q^4+-0.0000148663*Q^5+0,0.0000305176*J1^2*Q^3+-0.0000457764*J1^1*Q^4+0.0000171661*Q^5+0,0,0.0000915527*J1^2*Q^3+-0.0000915527*J1^1*Q^4+0.0000171661*Q^5+0,0.0000305176*J1^2*Q^3+-0.0000457764*J1^1*Q^4+0.0000171661*Q^5+0,-0.0000352387*J1^2*Q^3+0.0000528580*J1^1*Q^4+-0.0000198217*Q^5+0,0,0.0000528580*J1^2*Q^3+-0.0000528580*J1^1*Q^4+0.0000099109*Q^5+0,0.0000176193*J1^2*Q^3+-0.0000264290*J1^1*Q^4+0.0000099109*Q^5+0,-0.0000203451*J1^2*Q^3+0.0000305176*J1^1*Q^4+-0.0000114441*Q^5+0,0,-0.0000610352*J1^2*Q^3+0.0000610352*J1^1*Q^4+-0.0000114441*Q^5+0,-0.0000203451*J1^2*Q^3+0.0000305176*J1^1*Q^4+-0.0000114441*Q^5+0,0.0000234924*J1^2*Q^3+-0.0000352387*J1^1*Q^4+0.0000132145*Q^5+0,0,0.0000915527*J1^2*Q^3+-0.0000915527*J1^1*Q^4+0.0000171661*Q^5+0,0.0000305176*J1^2*Q^3+-0.0000457764*J1^1*Q^4+0.0000171661*Q^5+0,-0.0000352387*J1^2*Q^3+0.0000528580*J1^1*Q^4+-0.0000198217*Q^5+0,0,-0.0001057160*J1^2*Q^3+0.0001057160*J1^1*Q^4+-0.0000198217*Q^5+0,-0.0000352387*J1^2*Q^3+0.0000528580*J1^1*Q^4+-0.0000198217*Q^5+0,0.0000406901*J1^2*Q^3+-0.0000610352*J1^1*Q^4+0.0000228882*Q^5+0},
{0,0,0,0,0,0,0,0,0,0,0,0,0,0,0,0,0,0,0,0,0,0,0,0,0,0,0,0,0,0,0,0,0,-0.0000152588*J1^2*Q^3+0.0000228882*J1^1*Q^4+-0.0000085831*Q^5+0,-0.0000457764*J1^2*Q^3+0.0000457764*J1^1*Q^4+-0.0000085831*Q^5+0,0.0000176193*J1^2*Q^3+-0.0000264290*J1^1*Q^4+0.0000099109*Q^5+0,0,0.0000176193*J1^2*Q^3+-0.0000264290*J1^1*Q^4+0.0000099109*Q^5+0,0.0000528580*J1^2*Q^3+-0.0000528580*J1^1*Q^4+0.0000099109*Q^5+0,-0.0000203451*J1^2*Q^3+0.0000305176*J1^1*Q^4+-0.0000114441*Q^5+0,0,-0.0000264290*J1^2*Q^3+0.0000396435*J1^1*Q^4+-0.0000148663*Q^5+0,-0.0000792870*J1^2*Q^3+0.0000792870*J1^1*Q^4+-0.0000148663*Q^5+0,0.0000305176*J1^2*Q^3+-0.0000457764*J1^1*Q^4+0.0000171661*Q^5+0,0,0.0000305176*J1^2*Q^3+-0.0000457764*J1^1*Q^4+0.0000171661*Q^5+0,0.0000915527*J1^2*Q^3+-0.0000915527*J1^1*Q^4+0.0000171661*Q^5+0,-0.0000352387*J1^2*Q^3+0.0000528580*J1^1*Q^4+-0.0000198217*Q^5+0,0,0.0000176193*J1^2*Q^3+-0.0000264290*J1^1*Q^4+0.0000099109*Q^5+0,0.0000528580*J1^2*Q^3+-0.0000528580*J1^1*Q^4+0.0000099109*Q^5+0,-0.0000203451*J1^2*Q^3+0.0000305176*J1^1*Q^4+-0.0000114441*Q^5+0,0,-0.0000203451*J1^2*Q^3+0.0000305176*J1^1*Q^4+-0.0000114441*Q^5+0,-0.0000610352*J1^2*Q^3+0.0000610352*J1^1*Q^4+-0.0000114441*Q^5+0,0.0000234924*J1^2*Q^3+-0.0000352387*J1^1*Q^4+0.0000132145*Q^5+0,0,0.0000305176*J1^2*Q^3+-0.0000457764*J1^1*Q^4+0.0000171661*Q^5+0,0.0000915527*J1^2*Q^3+-0.0000915527*J1^1*Q^4+0.0000171661*Q^5+0,-0.0000352387*J1^2*Q^3+0.0000528580*J1^1*Q^4+-0.0000198217*Q^5+0,0,-0.0000352387*J1^2*Q^3+0.0000528580*J1^1*Q^4+-0.0000198217*Q^5+0,-0.0001057160*J1^2*Q^3+0.0001057160*J1^1*Q^4+-0.0000198217*Q^5+0,0.0000406901*J1^2*Q^3+-0.0000610352*J1^1*Q^4+0.0000228882*Q^5+0},
{0,0,0,0,0,0,0,0,0,0,0,0,0,0,0,0,0,0,0,0,0,0,0,0,0,0,0,0,0,0,0,0,-0.0000152588*J1^2*Q^3+0.0000228882*J1^1*Q^4+-0.0000085831*Q^5+0,0.0000176193*J1^2*Q^3+-0.0000264290*J1^1*Q^4+0.0000099109*Q^5+0,0.0000176193*J1^2*Q^3+-0.0000264290*J1^1*Q^4+0.0000099109*Q^5+0,-0.0000661214*J1^2*Q^3+0.0000762939*J1^1*Q^4+-0.0000200272*Q^5+0,0.0000176193*J1^2*Q^3+-0.0000264290*J1^1*Q^4+0.0000099109*Q^5+0,-0.0000203451*J1^2*Q^3+0.0000305176*J1^1*Q^4+-0.0000114441*Q^5+0,-0.0000203451*J1^2*Q^3+0.0000305176*J1^1*Q^4+-0.0000114441*Q^5+0,0.0000763504*J1^2*Q^3+-0.0000880967*J1^1*Q^4+0.0000231254*Q^5+0,-0.0000264290*J1^2*Q^3+0.0000396435*J1^1*Q^4+-0.0000148663*Q^5+0,0.0000305176*J1^2*Q^3+-0.0000457764*J1^1*Q^4+0.0000171661*Q^5+0,0.0000305176*J1^2*Q^3+-0.0000457764*J1^1*Q^4+0.0000171661*Q^5+0,-0.0001145257*J1^2*Q^3+0.0001321450*J1^1*Q^4+-0.0000346881*Q^5+0,0.0000305176*J1^2*Q^3+-0.0000457764*J1^1*Q^4+0.0000171661*Q^5+0,-0.0000352387*J1^2*Q^3+0.0000528580*J1^1*Q^4+-0.0000198217*Q^5+0,-0.0000352387*J1^2*Q^3+0.0000528580*J1^1*Q^4+-0.0000198217*Q^5+0,0.0001322428*J1^2*Q^3+-0.0001525879*J1^1*Q^4+0.0000400543*Q^5+0,0.0000176193*J1^2*Q^3+-0.0000264290*J1^1*Q^4+0.0000099109*Q^5+0,-0.0000203451*J1^2*Q^3+0.0000305176*J1^1*Q^4+-0.0000114441*Q^5+0,-0.0000203451*J1^2*Q^3+0.0000305176*J1^1*Q^4+-0.0000114441*Q^5+0,0.0000763504*J1^2*Q^3+-0.0000880967*J1^1*Q^4+0.0000231254*Q^5+0,-0.0000203451*J1^2*Q^3+0.0000305176*J1^1*Q^4+-0.0000114441*Q^5+0,0.0000234924*J1^2*Q^3+-0.0000352387*J1^1*Q^4+0.0000132145*Q^5+0,0.0000234924*J1^2*Q^3+-0.0000352387*J1^1*Q^4+0.0000132145*Q^5+0,-0.0000881619*J1^2*Q^3+0.0001017253*J1^1*Q^4+-0.0000267029*Q^5+0,0.0000305176*J1^2*Q^3+-0.0000457764*J1^1*Q^4+0.0000171661*Q^5+0,-0.0000352387*J1^2*Q^3+0.0000528580*J1^1*Q^4+-0.0000198217*Q^5+0,-0.0000352387*J1^2*Q^3+0.0000528580*J1^1*Q^4+-0.0000198217*Q^5+0,0.0001322428*J1^2*Q^3+-0.0001525879*J1^1*Q^4+0.0000400543*Q^5+0,-0.0000352387*J1^2*Q^3+0.0000528580*J1^1*Q^4+-0.0000198217*Q^5+0,0.0000406901*J1^2*Q^3+-0.0000610352*J1^1*Q^4+0.0000228882*Q^5+0,0.0000406901*J1^2*Q^3+-0.0000610352*J1^1*Q^4+0.0000228882*Q^5+0,-0.0001527009*J1^2*Q^3+0.0001761933*J1^1*Q^4+-0.0000462507*Q^5+0},
{0,0,0,0,0,0,0,0,0,0,0,0,0,0,0,0,0,0,0,0,0.0000792870*J1^2*Q^3+-0.0000792870*J1^1*Q^4+0.0000148663*Q^5+0,0,0,0.0000264290*J1^2*Q^3+-0.0000396435*J1^1*Q^4+0.0000148663*Q^5+0,0,0,0,0,-0.0000457764*J1^2*Q^3+0.0000457764*J1^1*Q^4+-0.0000085831*Q^5+0,0,0,-0.0000152588*J1^2*Q^3+0.0000228882*J1^1*Q^4+-0.0000085831*Q^5+0,0,0,0,0,0,0,0,0,0,0,0,0,0,0,0,0,0,0,0,0,0.0000915527*J1^2*Q^3+-0.0000915527*J1^1*Q^4+0.0000171661*Q^5+0,0,0,0.0000305176*J1^2*Q^3+-0.0000457764*J1^1*Q^4+0.0000171661*Q^5+0,0,0,0,0,-0.0000528580*J1^2*Q^3+0.0000528580*J1^1*Q^4+-0.0000099109*Q^5+0,0,0,-0.0000176193*J1^2*Q^3+0.0000264290*J1^1*Q^4+-0.0000099109*Q^5+0},
{0,0,0,0,0,0,0,0,0,0,0,0,0,0,0,0,0,0,0,0,0,0.0000792870*J1^2*Q^3+-0.0000792870*J1^1*Q^4+0.0000148663*Q^5+0,0.0000264290*J1^2*Q^3+-0.0000396435*J1^1*Q^4+0.0000148663*Q^5+0,-0.0000305176*J1^2*Q^3+0.0000457764*J1^1*Q^4+-0.0000171661*Q^5+0,0,0,0,0,0,-0.0000457764*J1^2*Q^3+0.0000457764*J1^1*Q^4+-0.0000085831*Q^5+0,-0.0000152588*J1^2*Q^3+0.0000228882*J1^1*Q^4+-0.0000085831*Q^5+0,0.0000176193*J1^2*Q^3+-0.0000264290*J1^1*Q^4+0.0000099109*Q^5+0,0,0,0,0,0,0,0,0,0,0,0,0,0,0,0,0,0,0,0,0,0,0.0000915527*J1^2*Q^3+-0.0000915527*J1^1*Q^4+0.0000171661*Q^5+0,0.0000305176*J1^2*Q^3+-0.0000457764*J1^1*Q^4+0.0000171661*Q^5+0,-0.0000352387*J1^2*Q^3+0.0000528580*J1^1*Q^4+-0.0000198217*Q^5+0,0,0,0,0,0,-0.0000528580*J1^2*Q^3+0.0000528580*J1^1*Q^4+-0.0000099109*Q^5+0,-0.0000176193*J1^2*Q^3+0.0000264290*J1^1*Q^4+-0.0000099109*Q^5+0,0.0000203451*J1^2*Q^3+-0.0000305176*J1^1*Q^4+0.0000114441*Q^5+0},
{0,0,0,0,0,0,0,0,0,0,0,0,0,0,0,0,0,0,0,0,0,0.0000264290*J1^2*Q^3+-0.0000396435*J1^1*Q^4+0.0000148663*Q^5+0,0.0000792870*J1^2*Q^3+-0.0000792870*J1^1*Q^4+0.0000148663*Q^5+0,-0.0000305176*J1^2*Q^3+0.0000457764*J1^1*Q^4+-0.0000171661*Q^5+0,0,0,0,0,0,-0.0000152588*J1^2*Q^3+0.0000228882*J1^1*Q^4+-0.0000085831*Q^5+0,-0.0000457764*J1^2*Q^3+0.0000457764*J1^1*Q^4+-0.0000085831*Q^5+0,0.0000176193*J1^2*Q^3+-0.0000264290*J1^1*Q^4+0.0000099109*Q^5+0,0,0,0,0,0,0,0,0,0,0,0,0,0,0,0,0,0,0,0,0,0,0.0000305176*J1^2*Q^3+-0.0000457764*J1^1*Q^4+0.0000171661*Q^5+0,0.0000915527*J1^2*Q^3+-0.0000915527*J1^1*Q^4+0.0000171661*Q^5+0,-0.0000352387*J1^2*Q^3+0.0000528580*J1^1*Q^4+-0.0000198217*Q^5+0,0,0,0,0,0,-0.0000176193*J1^2*Q^3+0.0000264290*J1^1*Q^4+-0.0000099109*Q^5+0,-0.0000528580*J1^2*Q^3+0.0000528580*J1^1*Q^4+-0.0000099109*Q^5+0,0.0000203451*J1^2*Q^3+-0.0000305176*J1^1*Q^4+0.0000114441*Q^5+0},
{0,0,0,0,0,0,0,0,0,0,0,0,0,0,0,0,0,0,0,0,0.0000264290*J1^2*Q^3+-0.0000396435*J1^1*Q^4+0.0000148663*Q^5+0,-0.0000305176*J1^2*Q^3+0.0000457764*J1^1*Q^4+-0.0000171661*Q^5+0,-0.0000305176*J1^2*Q^3+0.0000457764*J1^1*Q^4+-0.0000171661*Q^5+0,0.0001145257*J1^2*Q^3+-0.0001321450*J1^1*Q^4+0.0000346881*Q^5+0,0,0,0,0,-0.0000152588*J1^2*Q^3+0.0000228882*J1^1*Q^4+-0.0000085831*Q^5+0,0.0000176193*J1^2*Q^3+-0.0000264290*J1^1*Q^4+0.0000099109*Q^5+0,0.0000176193*J1^2*Q^3+-0.0000264290*J1^1*Q^4+0.0000099109*Q^5+0,-0.0000661214*J1^2*Q^3+0.0000762939*J1^1*Q^4+-0.0000200272*Q^5+0,0,0,0,0,0,0,0,0,0,0,0,0,0,0,0,0,0,0,0,0,0.0000305176*J1^2*Q^3+-0.0000457764*J1^1*Q^4+0.0000171661*Q^5+0,-0.0000352387*J1^2*Q^3+0.0000528580*J1^1*Q^4+-0.0000198217*Q^5+0,-0.0000352387*J1^2*Q^3+0.0000528580*J1^1*Q^4+-0.0000198217*Q^5+0,0.0001322428*J1^2*Q^3+-0.0001525879*J1^1*Q^4+0.0000400543*Q^5+0,0,0,0,0,-0.0000176193*J1^2*Q^3+0.0000264290*J1^1*Q^4+-0.0000099109*Q^5+0,0.0000203451*J1^2*Q^3+-0.0000305176*J1^1*Q^4+0.0000114441*Q^5+0,0.0000203451*J1^2*Q^3+-0.0000305176*J1^1*Q^4+0.0000114441*Q^5+0,-0.0000763504*J1^2*Q^3+0.0000880967*J1^1*Q^4+-0.0000231254*Q^5+0},
{0,0,0,0,0,0,0,0,0,0,0,0,0,0,0,0,0.0000792870*J1^2*Q^3+-0.0000792870*J1^1*Q^4+0.0000148663*Q^5+0,0,0,0.0000264290*J1^2*Q^3+-0.0000396435*J1^1*Q^4+0.0000148663*Q^5+0,-0.0000915527*J1^2*Q^3+0.0000915527*J1^1*Q^4+-0.0000171661*Q^5+0,0,0,-0.0000305176*J1^2*Q^3+0.0000457764*J1^1*Q^4+-0.0000171661*Q^5+0,-0.0000457764*J1^2*Q^3+0.0000457764*J1^1*Q^4+-0.0000085831*Q^5+0,0,0,-0.0000152588*J1^2*Q^3+0.0000228882*J1^1*Q^4+-0.0000085831*Q^5+0,0.0000528580*J1^2*Q^3+-0.0000528580*J1^1*Q^4+0.0000099109*Q^5+0,0,0,0.0000176193*J1^2*Q^3+-0.0000264290*J1^1*Q^4+0.0000099109*Q^5+0,0,0,0,0,0,0,0,0,0,0,0,0,0,0,0,0,0.0000915527*J1^2*Q^3+-0.0000915527*J1^1*Q^4+0.0000171661*Q^5+0,0,0,0.0000305176*J1^2*Q^3+-0.0000457764*J1^1*Q^4+0.0000171661*Q^5+0,-0.0001057160*J1^2*Q^3+0.0001057160*J1^1*Q^4+-0.0000198217*Q^5+0,0,0,-0.0000352387*J1^2*Q^3+0.0000528580*J1^1*Q^4+-0.0000198217*Q^5+0,-0.0000528580*J1^2*Q^3+0.0000528580*J1^1*Q^4+-0.0000099109*Q^5+0,0,0,-0.0000176193*J1^2*Q^3+0.0000264290*J1^1*Q^4+-0.0000099109*Q^5+0,0.0000610352*J1^2*Q^3+-0.0000610352*J1^1*Q^4+0.0000114441*Q^5+0,0,0,0.0000203451*J1^2*Q^3+-0.0000305176*J1^1*Q^4+0.0000114441*Q^5+0},
{0,0,0,0,0,0,0,0,0,0,0,0,0,0,0,0,0,0.0000792870*J1^2*Q^3+-0.0000792870*J1^1*Q^4+0.0000148663*Q^5+0,0.0000264290*J1^2*Q^3+-0.0000396435*J1^1*Q^4+0.0000148663*Q^5+0,-0.0000305176*J1^2*Q^3+0.0000457764*J1^1*Q^4+-0.0000171661*Q^5+0,0,-0.0000915527*J1^2*Q^3+0.0000915527*J1^1*Q^4+-0.0000171661*Q^5+0,-0.0000305176*J1^2*Q^3+0.0000457764*J1^1*Q^4+-0.0000171661*Q^5+0,0.0000352387*J1^2*Q^3+-0.0000528580*J1^1*Q^4+0.0000198217*Q^5+0,0,-0.0000457764*J1^2*Q^3+0.0000457764*J1^1*Q^4+-0.0000085831*Q^5+0,-0.0000152588*J1^2*Q^3+0.0000228882*J1^1*Q^4+-0.0000085831*Q^5+0,0.0000176193*J1^2*Q^3+-0.0000264290*J1^1*Q^4+0.0000099109*Q^5+0,0,0.0000528580*J1^2*Q^3+-0.0000528580*J1^1*Q^4+0.0000099109*Q^5+0,0.0000176193*J1^2*Q^3+-0.0000264290*J1^1*Q^4+0.0000099109*Q^5+0,-0.0000203451*J1^2*Q^3+0.0000305176*J1^1*Q^4+-0.0000114441*Q^5+0,0,0,0,0,0,0,0,0,0,0,0,0,0,0,0,0,0,0.0000915527*J1^2*Q^3+-0.0000915527*J1^1*Q^4+0.0000171661*Q^5+0,0.0000305176*J1^2*Q^3+-0.0000457764*J1^1*Q^4+0.0000171661*Q^5+0,-0.0000352387*J1^2*Q^3+0.0000528580*J1^1*Q^4+-0.0000198217*Q^5+0,0,-0.0001057160*J1^2*Q^3+0.0001057160*J1^1*Q^4+-0.0000198217*Q^5+0,-0.0000352387*J1^2*Q^3+0.0000528580*J1^1*Q^4+-0.0000198217*Q^5+0,0.0000406901*J1^2*Q^3+-0.0000610352*J1^1*Q^4+0.0000228882*Q^5+0,0,-0.0000528580*J1^2*Q^3+0.0000528580*J1^1*Q^4+-0.0000099109*Q^5+0,-0.0000176193*J1^2*Q^3+0.0000264290*J1^1*Q^4+-0.0000099109*Q^5+0,0.0000203451*J1^2*Q^3+-0.0000305176*J1^1*Q^4+0.0000114441*Q^5+0,0,0.0000610352*J1^2*Q^3+-0.0000610352*J1^1*Q^4+0.0000114441*Q^5+0,0.0000203451*J1^2*Q^3+-0.0000305176*J1^1*Q^4+0.0000114441*Q^5+0,-0.0000234924*J1^2*Q^3+0.0000352387*J1^1*Q^4+-0.0000132145*Q^5+0},
{0,0,0,0,0,0,0,0,0,0,0,0,0,0,0,0,0,0.0000264290*J1^2*Q^3+-0.0000396435*J1^1*Q^4+0.0000148663*Q^5+0,0.0000792870*J1^2*Q^3+-0.0000792870*J1^1*Q^4+0.0000148663*Q^5+0,-0.0000305176*J1^2*Q^3+0.0000457764*J1^1*Q^4+-0.0000171661*Q^5+0,0,-0.0000305176*J1^2*Q^3+0.0000457764*J1^1*Q^4+-0.0000171661*Q^5+0,-0.0000915527*J1^2*Q^3+0.0000915527*J1^1*Q^4+-0.0000171661*Q^5+0,0.0000352387*J1^2*Q^3+-0.0000528580*J1^1*Q^4+0.0000198217*Q^5+0,0,-0.0000152588*J1^2*Q^3+0.0000228882*J1^1*Q^4+-0.0000085831*Q^5+0,-0.0000457764*J1^2*Q^3+0.0000457764*J1^1*Q^4+-0.0000085831*Q^5+0,0.0000176193*J1^2*Q^3+-0.0000264290*J1^1*Q^4+0.0000099109*Q^5+0,0,0.0000176193*J1^2*Q^3+-0.0000264290*J1^1*Q^4+0.0000099109*Q^5+0,0.0000528580*J1^2*Q^3+-0.0000528580*J1^1*Q^4+0.0000099109*Q^5+0,-0.0000203451*J1^2*Q^3+0.0000305176*J1^1*Q^4+-0.0000114441*Q^5+0,0,0,0,0,0,0,0,0,0,0,0,0,0,0,0,0,0,0.0000305176*J1^2*Q^3+-0.0000457764*J1^1*Q^4+0.0000171661*Q^5+0,0.0000915527*J1^2*Q^3+-0.0000915527*J1^1*Q^4+0.0000171661*Q^5+0,-0.0000352387*J1^2*Q^3+0.0000528580*J1^1*Q^4+-0.0000198217*Q^5+0,0,-0.0000352387*J1^2*Q^3+0.0000528580*J1^1*Q^4+-0.0000198217*Q^5+0,-0.0001057160*J1^2*Q^3+0.0001057160*J1^1*Q^4+-0.0000198217*Q^5+0,0.0000406901*J1^2*Q^3+-0.0000610352*J1^1*Q^4+0.0000228882*Q^5+0,0,-0.0000176193*J1^2*Q^3+0.0000264290*J1^1*Q^4+-0.0000099109*Q^5+0,-0.0000528580*J1^2*Q^3+0.0000528580*J1^1*Q^4+-0.0000099109*Q^5+0,0.0000203451*J1^2*Q^3+-0.0000305176*J1^1*Q^4+0.0000114441*Q^5+0,0,0.0000203451*J1^2*Q^3+-0.0000305176*J1^1*Q^4+0.0000114441*Q^5+0,0.0000610352*J1^2*Q^3+-0.0000610352*J1^1*Q^4+0.0000114441*Q^5+0,-0.0000234924*J1^2*Q^3+0.0000352387*J1^1*Q^4+-0.0000132145*Q^5+0},
{0,0,0,0,0,0,0,0,0,0,0,0,0,0,0,0,0.0000264290*J1^2*Q^3+-0.0000396435*J1^1*Q^4+0.0000148663*Q^5+0,-0.0000305176*J1^2*Q^3+0.0000457764*J1^1*Q^4+-0.0000171661*Q^5+0,-0.0000305176*J1^2*Q^3+0.0000457764*J1^1*Q^4+-0.0000171661*Q^5+0,0.0001145257*J1^2*Q^3+-0.0001321450*J1^1*Q^4+0.0000346881*Q^5+0,-0.0000305176*J1^2*Q^3+0.0000457764*J1^1*Q^4+-0.0000171661*Q^5+0,0.0000352387*J1^2*Q^3+-0.0000528580*J1^1*Q^4+0.0000198217*Q^5+0,0.0000352387*J1^2*Q^3+-0.0000528580*J1^1*Q^4+0.0000198217*Q^5+0,-0.0001322428*J1^2*Q^3+0.0001525879*J1^1*Q^4+-0.0000400543*Q^5+0,-0.0000152588*J1^2*Q^3+0.0000228882*J1^1*Q^4+-0.0000085831*Q^5+0,0.0000176193*J1^2*Q^3+-0.0000264290*J1^1*Q^4+0.0000099109*Q^5+0,0.0000176193*J1^2*Q^3+-0.0000264290*J1^1*Q^4+0.0000099109*Q^5+0,-0.0000661214*J1^2*Q^3+0.0000762939*J1^1*Q^4+-0.0000200272*Q^5+0,0.0000176193*J1^2*Q^3+-0.0000264290*J1^1*Q^4+0.0000099109*Q^5+0,-0.0000203451*J1^2*Q^3+0.0000305176*J1^1*Q^4+-0.0000114441*Q^5+0,-0.0000203451*J1^2*Q^3+0.0000305176*J1^1*Q^4+-0.0000114441*Q^5+0,0.0000763504*J1^2*Q^3+-0.0000880967*J1^1*Q^4+0.0000231254*Q^5+0,0,0,0,0,0,0,0,0,0,0,0,0,0,0,0,0,0.0000305176*J1^2*Q^3+-0.0000457764*J1^1*Q^4+0.0000171661*Q^5+0,-0.0000352387*J1^2*Q^3+0.0000528580*J1^1*Q^4+-0.0000198217*Q^5+0,-0.0000352387*J1^2*Q^3+0.0000528580*J1^1*Q^4+-0.0000198217*Q^5+0,0.0001322428*J1^2*Q^3+-0.0001525879*J1^1*Q^4+0.0000400543*Q^5+0,-0.0000352387*J1^2*Q^3+0.0000528580*J1^1*Q^4+-0.0000198217*Q^5+0,0.0000406901*J1^2*Q^3+-0.0000610352*J1^1*Q^4+0.0000228882*Q^5+0,0.0000406901*J1^2*Q^3+-0.0000610352*J1^1*Q^4+0.0000228882*Q^5+0,-0.0001527009*J1^2*Q^3+0.0001761933*J1^1*Q^4+-0.0000462507*Q^5+0,-0.0000176193*J1^2*Q^3+0.0000264290*J1^1*Q^4+-0.0000099109*Q^5+0,0.0000203451*J1^2*Q^3+-0.0000305176*J1^1*Q^4+0.0000114441*Q^5+0,0.0000203451*J1^2*Q^3+-0.0000305176*J1^1*Q^4+0.0000114441*Q^5+0,-0.0000763504*J1^2*Q^3+0.0000880967*J1^1*Q^4+-0.0000231254*Q^5+0,0.0000203451*J1^2*Q^3+-0.0000305176*J1^1*Q^4+0.0000114441*Q^5+0,-0.0000234924*J1^2*Q^3+0.0000352387*J1^1*Q^4+-0.0000132145*Q^5+0,-0.0000234924*J1^2*Q^3+0.0000352387*J1^1*Q^4+-0.0000132145*Q^5+0,0.0000881619*J1^2*Q^3+-0.0001017253*J1^1*Q^4+0.0000267029*Q^5+0},
{0,0,0,0,0,0,0,0,0,0,0,0,0,0,0,0,0,0,0,0,-0.0000457764*J1^2*Q^3+0.0000457764*J1^1*Q^4+-0.0000085831*Q^5+0,0,0,-0.0000152588*J1^2*Q^3+0.0000228882*J1^1*Q^4+-0.0000085831*Q^5+0,0,0,0,0,-0.0000792870*J1^2*Q^3+0.0000792870*J1^1*Q^4+-0.0000148663*Q^5+0,0,0,-0.0000264290*J1^2*Q^3+0.0000396435*J1^1*Q^4+-0.0000148663*Q^5+0,0,0,0,0,0,0,0,0,0,0,0,0,0,0,0,0,0,0,0,0,-0.0000528580*J1^2*Q^3+0.0000528580*J1^1*Q^4+-0.0000099109*Q^5+0,0,0,-0.0000176193*J1^2*Q^3+0.0000264290*J1^1*Q^4+-0.0000099109*Q^5+0,0,0,0,0,-0.0000915527*J1^2*Q^3+0.0000915527*J1^1*Q^4+-0.0000171661*Q^5+0,0,0,-0.0000305176*J1^2*Q^3+0.0000457764*J1^1*Q^4+-0.0000171661*Q^5+0},
{0,0,0,0,0,0,0,0,0,0,0,0,0,0,0,0,0,0,0,0,0,-0.0000457764*J1^2*Q^3+0.0000457764*J1^1*Q^4+-0.0000085831*Q^5+0,-0.0000152588*J1^2*Q^3+0.0000228882*J1^1*Q^4+-0.0000085831*Q^5+0,0.0000176193*J1^2*Q^3+-0.0000264290*J1^1*Q^4+0.0000099109*Q^5+0,0,0,0,0,0,-0.0000792870*J1^2*Q^3+0.0000792870*J1^1*Q^4+-0.0000148663*Q^5+0,-0.0000264290*J1^2*Q^3+0.0000396435*J1^1*Q^4+-0.0000148663*Q^5+0,0.0000305176*J1^2*Q^3+-0.0000457764*J1^1*Q^4+0.0000171661*Q^5+0,0,0,0,0,0,0,0,0,0,0,0,0,0,0,0,0,0,0,0,0,0,-0.0000528580*J1^2*Q^3+0.0000528580*J1^1*Q^4+-0.0000099109*Q^5+0,-0.0000176193*J1^2*Q^3+0.0000264290*J1^1*Q^4+-0.0000099109*Q^5+0,0.0000203451*J1^2*Q^3+-0.0000305176*J1^1*Q^4+0.0000114441*Q^5+0,0,0,0,0,0,-0.0000915527*J1^2*Q^3+0.0000915527*J1^1*Q^4+-0.0000171661*Q^5+0,-0.0000305176*J1^2*Q^3+0.0000457764*J1^1*Q^4+-0.0000171661*Q^5+0,0.0000352387*J1^2*Q^3+-0.0000528580*J1^1*Q^4+0.0000198217*Q^5+0},
{0,0,0,0,0,0,0,0,0,0,0,0,0,0,0,0,0,0,0,0,0,-0.0000152588*J1^2*Q^3+0.0000228882*J1^1*Q^4+-0.0000085831*Q^5+0,-0.0000457764*J1^2*Q^3+0.0000457764*J1^1*Q^4+-0.0000085831*Q^5+0,0.0000176193*J1^2*Q^3+-0.0000264290*J1^1*Q^4+0.0000099109*Q^5+0,0,0,0,0,0,-0.0000264290*J1^2*Q^3+0.0000396435*J1^1*Q^4+-0.0000148663*Q^5+0,-0.0000792870*J1^2*Q^3+0.0000792870*J1^1*Q^4+-0.0000148663*Q^5+0,0.0000305176*J1^2*Q^3+-0.0000457764*J1^1*Q^4+0.0000171661*Q^5+0,0,0,0,0,0,0,0,0,0,0,0,0,0,0,0,0,0,0,0,0,0,-0.0000176193*J1^2*Q^3+0.0000264290*J1^1*Q^4+-0.0000099109*Q^5+0,-0.0000528580*J1^2*Q^3+0.0000528580*J1^1*Q^4+-0.0000099109*Q^5+0,0.0000203451*J1^2*Q^3+-0.0000305176*J1^1*Q^4+0.0000114441*Q^5+0,0,0,0,0,0,-0.0000305176*J1^2*Q^3+0.0000457764*J1^1*Q^4+-0.0000171661*Q^5+0,-0.0000915527*J1^2*Q^3+0.0000915527*J1^1*Q^4+-0.0000171661*Q^5+0,0.0000352387*J1^2*Q^3+-0.0000528580*J1^1*Q^4+0.0000198217*Q^5+0},
{0,0,0,0,0,0,0,0,0,0,0,0,0,0,0,0,0,0,0,0,-0.0000152588*J1^2*Q^3+0.0000228882*J1^1*Q^4+-0.0000085831*Q^5+0,0.0000176193*J1^2*Q^3+-0.0000264290*J1^1*Q^4+0.0000099109*Q^5+0,0.0000176193*J1^2*Q^3+-0.0000264290*J1^1*Q^4+0.0000099109*Q^5+0,-0.0000661214*J1^2*Q^3+0.0000762939*J1^1*Q^4+-0.0000200272*Q^5+0,0,0,0,0,-0.0000264290*J1^2*Q^3+0.0000396435*J1^1*Q^4+-0.0000148663*Q^5+0,0.0000305176*J1^2*Q^3+-0.0000457764*J1^1*Q^4+0.0000171661*Q^5+0,0.0000305176*J1^2*Q^3+-0.0000457764*J1^1*Q^4+0.0000171661*Q^5+0,-0.0001145257*J1^2*Q^3+0.0001321450*J1^1*Q^4+-0.0000346881*Q^5+0,0,0,0,0,0,0,0,0,0,0,0,0,0,0,0,0,0,0,0,0,-0.0000176193*J1^2*Q^3+0.0000264290*J1^1*Q^4+-0.0000099109*Q^5+0,0.0000203451*J1^2*Q^3+-0.0000305176*J1^1*Q^4+0.0000114441*Q^5+0,0.0000203451*J1^2*Q^3+-0.0000305176*J1^1*Q^4+0.0000114441*Q^5+0,-0.0000763504*J1^2*Q^3+0.0000880967*J1^1*Q^4+-0.0000231254*Q^5+0,0,0,0,0,-0.0000305176*J1^2*Q^3+0.0000457764*J1^1*Q^4+-0.0000171661*Q^5+0,0.0000352387*J1^2*Q^3+-0.0000528580*J1^1*Q^4+0.0000198217*Q^5+0,0.0000352387*J1^2*Q^3+-0.0000528580*J1^1*Q^4+0.0000198217*Q^5+0,-0.0001322428*J1^2*Q^3+0.0001525879*J1^1*Q^4+-0.0000400543*Q^5+0},
{0,0,0,0,0,0,0,0,0,0,0,0,0,0,0,0,-0.0000457764*J1^2*Q^3+0.0000457764*J1^1*Q^4+-0.0000085831*Q^5+0,0,0,-0.0000152588*J1^2*Q^3+0.0000228882*J1^1*Q^4+-0.0000085831*Q^5+0,0.0000528580*J1^2*Q^3+-0.0000528580*J1^1*Q^4+0.0000099109*Q^5+0,0,0,0.0000176193*J1^2*Q^3+-0.0000264290*J1^1*Q^4+0.0000099109*Q^5+0,-0.0000792870*J1^2*Q^3+0.0000792870*J1^1*Q^4+-0.0000148663*Q^5+0,0,0,-0.0000264290*J1^2*Q^3+0.0000396435*J1^1*Q^4+-0.0000148663*Q^5+0,0.0000915527*J1^2*Q^3+-0.0000915527*J1^1*Q^4+0.0000171661*Q^5+0,0,0,0.0000305176*J1^2*Q^3+-0.0000457764*J1^1*Q^4+0.0000171661*Q^5+0,0,0,0,0,0,0,0,0,0,0,0,0,0,0,0,0,-0.0000528580*J1^2*Q^3+0.0000528580*J1^1*Q^4+-0.0000099109*Q^5+0,0,0,-0.0000176193*J1^2*Q^3+0.0000264290*J1^1*Q^4+-0.0000099109*Q^5+0,0.0000610352*J1^2*Q^3+-0.0000610352*J1^1*Q^4+0.0000114441*Q^5+0,0,0,0.0000203451*J1^2*Q^3+-0.0000305176*J1^1*Q^4+0.0000114441*Q^5+0,-0.0000915527*J1^2*Q^3+0.0000915527*J1^1*Q^4+-0.0000171661*Q^5+0,0,0,-0.0000305176*J1^2*Q^3+0.0000457764*J1^1*Q^4+-0.0000171661*Q^5+0,0.0001057160*J1^2*Q^3+-0.0001057160*J1^1*Q^4+0.0000198217*Q^5+0,0,0,0.0000352387*J1^2*Q^3+-0.0000528580*J1^1*Q^4+0.0000198217*Q^5+0},
{0,0,0,0,0,0,0,0,0,0,0,0,0,0,0,0,0,-0.0000457764*J1^2*Q^3+0.0000457764*J1^1*Q^4+-0.0000085831*Q^5+0,-0.0000152588*J1^2*Q^3+0.0000228882*J1^1*Q^4+-0.0000085831*Q^5+0,0.0000176193*J1^2*Q^3+-0.0000264290*J1^1*Q^4+0.0000099109*Q^5+0,0,0.0000528580*J1^2*Q^3+-0.0000528580*J1^1*Q^4+0.0000099109*Q^5+0,0.0000176193*J1^2*Q^3+-0.0000264290*J1^1*Q^4+0.0000099109*Q^5+0,-0.0000203451*J1^2*Q^3+0.0000305176*J1^1*Q^4+-0.0000114441*Q^5+0,0,-0.0000792870*J1^2*Q^3+0.0000792870*J1^1*Q^4+-0.0000148663*Q^5+0,-0.0000264290*J1^2*Q^3+0.0000396435*J1^1*Q^4+-0.0000148663*Q^5+0,0.0000305176*J1^2*Q^3+-0.0000457764*J1^1*Q^4+0.0000171661*Q^5+0,0,0.0000915527*J1^2*Q^3+-0.0000915527*J1^1*Q^4+0.0000171661*Q^5+0,0.0000305176*J1^2*Q^3+-0.0000457764*J1^1*Q^4+0.0000171661*Q^5+0,-0.0000352387*J1^2*Q^3+0.0000528580*J1^1*Q^4+-0.0000198217*Q^5+0,0,0,0,0,0,0,0,0,0,0,0,0,0,0,0,0,0,-0.0000528580*J1^2*Q^3+0.0000528580*J1^1*Q^4+-0.0000099109*Q^5+0,-0.0000176193*J1^2*Q^3+0.0000264290*J1^1*Q^4+-0.0000099109*Q^5+0,0.0000203451*J1^2*Q^3+-0.0000305176*J1^1*Q^4+0.0000114441*Q^5+0,0,0.0000610352*J1^2*Q^3+-0.0000610352*J1^1*Q^4+0.0000114441*Q^5+0,0.0000203451*J1^2*Q^3+-0.0000305176*J1^1*Q^4+0.0000114441*Q^5+0,-0.0000234924*J1^2*Q^3+0.0000352387*J1^1*Q^4+-0.0000132145*Q^5+0,0,-0.0000915527*J1^2*Q^3+0.0000915527*J1^1*Q^4+-0.0000171661*Q^5+0,-0.0000305176*J1^2*Q^3+0.0000457764*J1^1*Q^4+-0.0000171661*Q^5+0,0.0000352387*J1^2*Q^3+-0.0000528580*J1^1*Q^4+0.0000198217*Q^5+0,0,0.0001057160*J1^2*Q^3+-0.0001057160*J1^1*Q^4+0.0000198217*Q^5+0,0.0000352387*J1^2*Q^3+-0.0000528580*J1^1*Q^4+0.0000198217*Q^5+0,-0.0000406901*J1^2*Q^3+0.0000610352*J1^1*Q^4+-0.0000228882*Q^5+0},
{0,0,0,0,0,0,0,0,0,0,0,0,0,0,0,0,0,-0.0000152588*J1^2*Q^3+0.0000228882*J1^1*Q^4+-0.0000085831*Q^5+0,-0.0000457764*J1^2*Q^3+0.0000457764*J1^1*Q^4+-0.0000085831*Q^5+0,0.0000176193*J1^2*Q^3+-0.0000264290*J1^1*Q^4+0.0000099109*Q^5+0,0,0.0000176193*J1^2*Q^3+-0.0000264290*J1^1*Q^4+0.0000099109*Q^5+0,0.0000528580*J1^2*Q^3+-0.0000528580*J1^1*Q^4+0.0000099109*Q^5+0,-0.0000203451*J1^2*Q^3+0.0000305176*J1^1*Q^4+-0.0000114441*Q^5+0,0,-0.0000264290*J1^2*Q^3+0.0000396435*J1^1*Q^4+-0.0000148663*Q^5+0,-0.0000792870*J1^2*Q^3+0.0000792870*J1^1*Q^4+-0.0000148663*Q^5+0,0.0000305176*J1^2*Q^3+-0.0000457764*J1^1*Q^4+0.0000171661*Q^5+0,0,0.0000305176*J1^2*Q^3+-0.0000457764*J1^1*Q^4+0.0000171661*Q^5+0,0.0000915527*J1^2*Q^3+-0.0000915527*J1^1*Q^4+0.0000171661*Q^5+0,-0.0000352387*J1^2*Q^3+0.0000528580*J1^1*Q^4+-0.0000198217*Q^5+0,0,0,0,0,0,0,0,0,0,0,0,0,0,0,0,0,0,-0.0000176193*J1^2*Q^3+0.0000264290*J1^1*Q^4+-0.0000099109*Q^5+0,-0.0000528580*J1^2*Q^3+0.0000528580*J1^1*Q^4+-0.0000099109*Q^5+0,0.0000203451*J1^2*Q^3+-0.0000305176*J1^1*Q^4+0.0000114441*Q^5+0,0,0.0000203451*J1^2*Q^3+-0.0000305176*J1^1*Q^4+0.0000114441*Q^5+0,0.0000610352*J1^2*Q^3+-0.0000610352*J1^1*Q^4+0.0000114441*Q^5+0,-0.0000234924*J1^2*Q^3+0.0000352387*J1^1*Q^4+-0.0000132145*Q^5+0,0,-0.0000305176*J1^2*Q^3+0.0000457764*J1^1*Q^4+-0.0000171661*Q^5+0,-0.0000915527*J1^2*Q^3+0.0000915527*J1^1*Q^4+-0.0000171661*Q^5+0,0.0000352387*J1^2*Q^3+-0.0000528580*J1^1*Q^4+0.0000198217*Q^5+0,0,0.0000352387*J1^2*Q^3+-0.0000528580*J1^1*Q^4+0.0000198217*Q^5+0,0.0001057160*J1^2*Q^3+-0.0001057160*J1^1*Q^4+0.0000198217*Q^5+0,-0.0000406901*J1^2*Q^3+0.0000610352*J1^1*Q^4+-0.0000228882*Q^5+0},
{0,0,0,0,0,0,0,0,0,0,0,0,0,0,0,0,-0.0000152588*J1^2*Q^3+0.0000228882*J1^1*Q^4+-0.0000085831*Q^5+0,0.0000176193*J1^2*Q^3+-0.0000264290*J1^1*Q^4+0.0000099109*Q^5+0,0.0000176193*J1^2*Q^3+-0.0000264290*J1^1*Q^4+0.0000099109*Q^5+0,-0.0000661214*J1^2*Q^3+0.0000762939*J1^1*Q^4+-0.0000200272*Q^5+0,0.0000176193*J1^2*Q^3+-0.0000264290*J1^1*Q^4+0.0000099109*Q^5+0,-0.0000203451*J1^2*Q^3+0.0000305176*J1^1*Q^4+-0.0000114441*Q^5+0,-0.0000203451*J1^2*Q^3+0.0000305176*J1^1*Q^4+-0.0000114441*Q^5+0,0.0000763504*J1^2*Q^3+-0.0000880967*J1^1*Q^4+0.0000231254*Q^5+0,-0.0000264290*J1^2*Q^3+0.0000396435*J1^1*Q^4+-0.0000148663*Q^5+0,0.0000305176*J1^2*Q^3+-0.0000457764*J1^1*Q^4+0.0000171661*Q^5+0,0.0000305176*J1^2*Q^3+-0.0000457764*J1^1*Q^4+0.0000171661*Q^5+0,-0.0001145257*J1^2*Q^3+0.0001321450*J1^1*Q^4+-0.0000346881*Q^5+0,0.0000305176*J1^2*Q^3+-0.0000457764*J1^1*Q^4+0.0000171661*Q^5+0,-0.0000352387*J1^2*Q^3+0.0000528580*J1^1*Q^4+-0.0000198217*Q^5+0,-0.0000352387*J1^2*Q^3+0.0000528580*J1^1*Q^4+-0.0000198217*Q^5+0,0.0001322428*J1^2*Q^3+-0.0001525879*J1^1*Q^4+0.0000400543*Q^5+0,0,0,0,0,0,0,0,0,0,0,0,0,0,0,0,0,-0.0000176193*J1^2*Q^3+0.0000264290*J1^1*Q^4+-0.0000099109*Q^5+0,0.0000203451*J1^2*Q^3+-0.0000305176*J1^1*Q^4+0.0000114441*Q^5+0,0.0000203451*J1^2*Q^3+-0.0000305176*J1^1*Q^4+0.0000114441*Q^5+0,-0.0000763504*J1^2*Q^3+0.0000880967*J1^1*Q^4+-0.0000231254*Q^5+0,0.0000203451*J1^2*Q^3+-0.0000305176*J1^1*Q^4+0.0000114441*Q^5+0,-0.0000234924*J1^2*Q^3+0.0000352387*J1^1*Q^4+-0.0000132145*Q^5+0,-0.0000234924*J1^2*Q^3+0.0000352387*J1^1*Q^4+-0.0000132145*Q^5+0,0.0000881619*J1^2*Q^3+-0.0001017253*J1^1*Q^4+0.0000267029*Q^5+0,-0.0000305176*J1^2*Q^3+0.0000457764*J1^1*Q^4+-0.0000171661*Q^5+0,0.0000352387*J1^2*Q^3+-0.0000528580*J1^1*Q^4+0.0000198217*Q^5+0,0.0000352387*J1^2*Q^3+-0.0000528580*J1^1*Q^4+0.0000198217*Q^5+0,-0.0001322428*J1^2*Q^3+0.0001525879*J1^1*Q^4+-0.0000400543*Q^5+0,0.0000352387*J1^2*Q^3+-0.0000528580*J1^1*Q^4+0.0000198217*Q^5+0,-0.0000406901*J1^2*Q^3+0.0000610352*J1^1*Q^4+-0.0000228882*Q^5+0,-0.0000406901*J1^2*Q^3+0.0000610352*J1^1*Q^4+-0.0000228882*Q^5+0,0.0001527009*J1^2*Q^3+-0.0001761933*J1^1*Q^4+0.0000462507*Q^5+0},
{0,0,0,0,0.0000792870*J1^2*Q^3+-0.0000792870*J1^1*Q^4+0.0000148663*Q^5+0,0,0,0.0000264290*J1^2*Q^3+-0.0000396435*J1^1*Q^4+0.0000148663*Q^5+0,0,0,0,0,-0.0000457764*J1^2*Q^3+0.0000457764*J1^1*Q^4+-0.0000085831*Q^5+0,0,0,-0.0000152588*J1^2*Q^3+0.0000228882*J1^1*Q^4+-0.0000085831*Q^5+0,0,0,0,0,-0.0000915527*J1^2*Q^3+0.0000915527*J1^1*Q^4+-0.0000171661*Q^5+0,0,0,-0.0000305176*J1^2*Q^3+0.0000457764*J1^1*Q^4+-0.0000171661*Q^5+0,0,0,0,0,0.0000528580*J1^2*Q^3+-0.0000528580*J1^1*Q^4+0.0000099109*Q^5+0,0,0,0.0000176193*J1^2*Q^3+-0.0000264290*J1^1*Q^4+0.0000099109*Q^5+0,0,0,0,0,0.0000915527*J1^2*Q^3+-0.0000915527*J1^1*Q^4+0.0000171661*Q^5+0,0,0,0.0000305176*J1^2*Q^3+-0.0000457764*J1^1*Q^4+0.0000171661*Q^5+0,0,0,0,0,-0.0000528580*J1^2*Q^3+0.0000528580*J1^1*Q^4+-0.0000099109*Q^5+0,0,0,-0.0000176193*J1^2*Q^3+0.0000264290*J1^1*Q^4+-0.0000099109*Q^5+0,0,0,0,0,-0.0001057160*J1^2*Q^3+0.0001057160*J1^1*Q^4+-0.0000198217*Q^5+0,0,0,-0.0000352387*J1^2*Q^3+0.0000528580*J1^1*Q^4+-0.0000198217*Q^5+0,0,0,0,0,0.0000610352*J1^2*Q^3+-0.0000610352*J1^1*Q^4+0.0000114441*Q^5+0,0,0,0.0000203451*J1^2*Q^3+-0.0000305176*J1^1*Q^4+0.0000114441*Q^5+0},
{0,0,0,0,0,0.0000792870*J1^2*Q^3+-0.0000792870*J1^1*Q^4+0.0000148663*Q^5+0,0.0000264290*J1^2*Q^3+-0.0000396435*J1^1*Q^4+0.0000148663*Q^5+0,-0.0000305176*J1^2*Q^3+0.0000457764*J1^1*Q^4+-0.0000171661*Q^5+0,0,0,0,0,0,-0.0000457764*J1^2*Q^3+0.0000457764*J1^1*Q^4+-0.0000085831*Q^5+0,-0.0000152588*J1^2*Q^3+0.0000228882*J1^1*Q^4+-0.0000085831*Q^5+0,0.0000176193*J1^2*Q^3+-0.0000264290*J1^1*Q^4+0.0000099109*Q^5+0,0,0,0,0,0,-0.0000915527*J1^2*Q^3+0.0000915527*J1^1*Q^4+-0.0000171661*Q^5+0,-0.0000305176*J1^2*Q^3+0.0000457764*J1^1*Q^4+-0.0000171661*Q^5+0,0.0000352387*J1^2*Q^3+-0.0000528580*J1^1*Q^4+0.0000198217*Q^5+0,0,0,0,0,0,0.0000528580*J1^2*Q^3+-0.0000528580*J1^1*Q^4+0.0000099109*Q^5+0,0.0000176193*J1^2*Q^3+-0.0000264290*J1^1*Q^4+0.0000099109*Q^5+0,-0.0000203451*J1^2*Q^3+0.0000305176*J1^1*Q^4+-0.0000114441*Q^5+0,0,0,0,0,0,0.0000915527*J1^2*Q^3+-0.0000915527*J1^1*Q^4+0.0000171661*Q^5+0,0.0000305176*J1^2*Q^3+-0.0000457764*J1^1*Q^4+0.0000171661*Q^5+0,-0.0000352387*J1^2*Q^3+0.0000528580*J1^1*Q^4+-0.0000198217*Q^5+0,0,0,0,0,0,-0.0000528580*J1^2*Q^3+0.0000528580*J1^1*Q^4+-0.0000099109*Q^5+0,-0.0000176193*J1^2*Q^3+0.0000264290*J1^1*Q^4+-0.0000099109*Q^5+0,0.0000203451*J1^2*Q^3+-0.0000305176*J1^1*Q^4+0.0000114441*Q^5+0,0,0,0,0,0,-0.0001057160*J1^2*Q^3+0.0001057160*J1^1*Q^4+-0.0000198217*Q^5+0,-0.0000352387*J1^2*Q^3+0.0000528580*J1^1*Q^4+-0.0000198217*Q^5+0,0.0000406901*J1^2*Q^3+-0.0000610352*J1^1*Q^4+0.0000228882*Q^5+0,0,0,0,0,0,0.0000610352*J1^2*Q^3+-0.0000610352*J1^1*Q^4+0.0000114441*Q^5+0,0.0000203451*J1^2*Q^3+-0.0000305176*J1^1*Q^4+0.0000114441*Q^5+0,-0.0000234924*J1^2*Q^3+0.0000352387*J1^1*Q^4+-0.0000132145*Q^5+0},
{0,0,0,0,0,0.0000264290*J1^2*Q^3+-0.0000396435*J1^1*Q^4+0.0000148663*Q^5+0,0.0000792870*J1^2*Q^3+-0.0000792870*J1^1*Q^4+0.0000148663*Q^5+0,-0.0000305176*J1^2*Q^3+0.0000457764*J1^1*Q^4+-0.0000171661*Q^5+0,0,0,0,0,0,-0.0000152588*J1^2*Q^3+0.0000228882*J1^1*Q^4+-0.0000085831*Q^5+0,-0.0000457764*J1^2*Q^3+0.0000457764*J1^1*Q^4+-0.0000085831*Q^5+0,0.0000176193*J1^2*Q^3+-0.0000264290*J1^1*Q^4+0.0000099109*Q^5+0,0,0,0,0,0,-0.0000305176*J1^2*Q^3+0.0000457764*J1^1*Q^4+-0.0000171661*Q^5+0,-0.0000915527*J1^2*Q^3+0.0000915527*J1^1*Q^4+-0.0000171661*Q^5+0,0.0000352387*J1^2*Q^3+-0.0000528580*J1^1*Q^4+0.0000198217*Q^5+0,0,0,0,0,0,0.0000176193*J1^2*Q^3+-0.0000264290*J1^1*Q^4+0.0000099109*Q^5+0,0.0000528580*J1^2*Q^3+-0.0000528580*J1^1*Q^4+0.0000099109*Q^5+0,-0.0000203451*J1^2*Q^3+0.0000305176*J1^1*Q^4+-0.0000114441*Q^5+0,0,0,0,0,0,0.0000305176*J1^2*Q^3+-0.0000457764*J1^1*Q^4+0.0000171661*Q^5+0,0.0000915527*J1^2*Q^3+-0.0000915527*J1^1*Q^4+0.0000171661*Q^5+0,-0.0000352387*J1^2*Q^3+0.0000528580*J1^1*Q^4+-0.0000198217*Q^5+0,0,0,0,0,0,-0.0000176193*J1^2*Q^3+0.0000264290*J1^1*Q^4+-0.0000099109*Q^5+0,-0.0000528580*J1^2*Q^3+0.0000528580*J1^1*Q^4+-0.0000099109*Q^5+0,0.0000203451*J1^2*Q^3+-0.0000305176*J1^1*Q^4+0.0000114441*Q^5+0,0,0,0,0,0,-0.0000352387*J1^2*Q^3+0.0000528580*J1^1*Q^4+-0.0000198217*Q^5+0,-0.0001057160*J1^2*Q^3+0.0001057160*J1^1*Q^4+-0.0000198217*Q^5+0,0.0000406901*J1^2*Q^3+-0.0000610352*J1^1*Q^4+0.0000228882*Q^5+0,0,0,0,0,0,0.0000203451*J1^2*Q^3+-0.0000305176*J1^1*Q^4+0.0000114441*Q^5+0,0.0000610352*J1^2*Q^3+-0.0000610352*J1^1*Q^4+0.0000114441*Q^5+0,-0.0000234924*J1^2*Q^3+0.0000352387*J1^1*Q^4+-0.0000132145*Q^5+0},
{0,0,0,0,0.0000264290*J1^2*Q^3+-0.0000396435*J1^1*Q^4+0.0000148663*Q^5+0,-0.0000305176*J1^2*Q^3+0.0000457764*J1^1*Q^4+-0.0000171661*Q^5+0,-0.0000305176*J1^2*Q^3+0.0000457764*J1^1*Q^4+-0.0000171661*Q^5+0,0.0001145257*J1^2*Q^3+-0.0001321450*J1^1*Q^4+0.0000346881*Q^5+0,0,0,0,0,-0.0000152588*J1^2*Q^3+0.0000228882*J1^1*Q^4+-0.0000085831*Q^5+0,0.0000176193*J1^2*Q^3+-0.0000264290*J1^1*Q^4+0.0000099109*Q^5+0,0.0000176193*J1^2*Q^3+-0.0000264290*J1^1*Q^4+0.0000099109*Q^5+0,-0.0000661214*J1^2*Q^3+0.0000762939*J1^1*Q^4+-0.0000200272*Q^5+0,0,0,0,0,-0.0000305176*J1^2*Q^3+0.0000457764*J1^1*Q^4+-0.0000171661*Q^5+0,0.0000352387*J1^2*Q^3+-0.0000528580*J1^1*Q^4+0.0000198217*Q^5+0,0.0000352387*J1^2*Q^3+-0.0000528580*J1^1*Q^4+0.0000198217*Q^5+0,-0.0001322428*J1^2*Q^3+0.0001525879*J1^1*Q^4+-0.0000400543*Q^5+0,0,0,0,0,0.0000176193*J1^2*Q^3+-0.0000264290*J1^1*Q^4+0.0000099109*Q^5+0,-0.0000203451*J1^2*Q^3+0.0000305176*J1^1*Q^4+-0.0000114441*Q^5+0,-0.0000203451*J1^2*Q^3+0.0000305176*J1^1*Q^4+-0.0000114441*Q^5+0,0.0000763504*J1^2*Q^3+-0.0000880967*J1^1*Q^4+0.0000231254*Q^5+0,0,0,0,0,0.0000305176*J1^2*Q^3+-0.0000457764*J1^1*Q^4+0.0000171661*Q^5+0,-0.0000352387*J1^2*Q^3+0.0000528580*J1^1*Q^4+-0.0000198217*Q^5+0,-0.0000352387*J1^2*Q^3+0.0000528580*J1^1*Q^4+-0.0000198217*Q^5+0,0.0001322428*J1^2*Q^3+-0.0001525879*J1^1*Q^4+0.0000400543*Q^5+0,0,0,0,0,-0.0000176193*J1^2*Q^3+0.0000264290*J1^1*Q^4+-0.0000099109*Q^5+0,0.0000203451*J1^2*Q^3+-0.0000305176*J1^1*Q^4+0.0000114441*Q^5+0,0.0000203451*J1^2*Q^3+-0.0000305176*J1^1*Q^4+0.0000114441*Q^5+0,-0.0000763504*J1^2*Q^3+0.0000880967*J1^1*Q^4+-0.0000231254*Q^5+0,0,0,0,0,-0.0000352387*J1^2*Q^3+0.0000528580*J1^1*Q^4+-0.0000198217*Q^5+0,0.0000406901*J1^2*Q^3+-0.0000610352*J1^1*Q^4+0.0000228882*Q^5+0,0.0000406901*J1^2*Q^3+-0.0000610352*J1^1*Q^4+0.0000228882*Q^5+0,-0.0001527009*J1^2*Q^3+0.0001761933*J1^1*Q^4+-0.0000462507*Q^5+0,0,0,0,0,0.0000203451*J1^2*Q^3+-0.0000305176*J1^1*Q^4+0.0000114441*Q^5+0,-0.0000234924*J1^2*Q^3+0.0000352387*J1^1*Q^4+-0.0000132145*Q^5+0,-0.0000234924*J1^2*Q^3+0.0000352387*J1^1*Q^4+-0.0000132145*Q^5+0,0.0000881619*J1^2*Q^3+-0.0001017253*J1^1*Q^4+0.0000267029*Q^5+0},
{0.0000792870*J1^2*Q^3+-0.0000792870*J1^1*Q^4+0.0000148663*Q^5+0,0,0,0.0000264290*J1^2*Q^3+-0.0000396435*J1^1*Q^4+0.0000148663*Q^5+0,-0.0000915527*J1^2*Q^3+0.0000915527*J1^1*Q^4+-0.0000171661*Q^5+0,0,0,-0.0000305176*J1^2*Q^3+0.0000457764*J1^1*Q^4+-0.0000171661*Q^5+0,-0.0000457764*J1^2*Q^3+0.0000457764*J1^1*Q^4+-0.0000085831*Q^5+0,0,0,-0.0000152588*J1^2*Q^3+0.0000228882*J1^1*Q^4+-0.0000085831*Q^5+0,0.0000528580*J1^2*Q^3+-0.0000528580*J1^1*Q^4+0.0000099109*Q^5+0,0,0,0.0000176193*J1^2*Q^3+-0.0000264290*J1^1*Q^4+0.0000099109*Q^5+0,-0.0000915527*J1^2*Q^3+0.0000915527*J1^1*Q^4+-0.0000171661*Q^5+0,0,0,-0.0000305176*J1^2*Q^3+0.0000457764*J1^1*Q^4+-0.0000171661*Q^5+0,0.0001057160*J1^2*Q^3+-0.0001057160*J1^1*Q^4+0.0000198217*Q^5+0,0,0,0.0000352387*J1^2*Q^3+-0.0000528580*J1^1*Q^4+0.0000198217*Q^5+0,0.0000528580*J1^2*Q^3+-0.0000528580*J1^1*Q^4+0.0000099109*Q^5+0,0,0,0.0000176193*J1^2*Q^3+-0.0000264290*J1^1*Q^4+0.0000099109*Q^5+0,-0.0000610352*J1^2*Q^3+0.0000610352*J1^1*Q^4+-0.0000114441*Q^5+0,0,0,-0.0000203451*J1^2*Q^3+0.0000305176*J1^1*Q^4+-0.0000114441*Q^5+0,0.0000915527*J1^2*Q^3+-0.0000915527*J1^1*Q^4+0.0000171661*Q^5+0,0,0,0.0000305176*J1^2*Q^3+-0.0000457764*J1^1*Q^4+0.0000171661*Q^5+0,-0.0001057160*J1^2*Q^3+0.0001057160*J1^1*Q^4+-0.0000198217*Q^5+0,0,0,-0.0000352387*J1^2*Q^3+0.0000528580*J1^1*Q^4+-0.0000198217*Q^5+0,-0.0000528580*J1^2*Q^3+0.0000528580*J1^1*Q^4+-0.0000099109*Q^5+0,0,0,-0.0000176193*J1^2*Q^3+0.0000264290*J1^1*Q^4+-0.0000099109*Q^5+0,0.0000610352*J1^2*Q^3+-0.0000610352*J1^1*Q^4+0.0000114441*Q^5+0,0,0,0.0000203451*J1^2*Q^3+-0.0000305176*J1^1*Q^4+0.0000114441*Q^5+0,-0.0001057160*J1^2*Q^3+0.0001057160*J1^1*Q^4+-0.0000198217*Q^5+0,0,0,-0.0000352387*J1^2*Q^3+0.0000528580*J1^1*Q^4+-0.0000198217*Q^5+0,0.0001220703*J1^2*Q^3+-0.0001220703*J1^1*Q^4+0.0000228882*Q^5+0,0,0,0.0000406901*J1^2*Q^3+-0.0000610352*J1^1*Q^4+0.0000228882*Q^5+0,0.0000610352*J1^2*Q^3+-0.0000610352*J1^1*Q^4+0.0000114441*Q^5+0,0,0,0.0000203451*J1^2*Q^3+-0.0000305176*J1^1*Q^4+0.0000114441*Q^5+0,-0.0000704773*J1^2*Q^3+0.0000704773*J1^1*Q^4+-0.0000132145*Q^5+0,0,0,-0.0000234924*J1^2*Q^3+0.0000352387*J1^1*Q^4+-0.0000132145*Q^5+0},
{0,0.0000792870*J1^2*Q^3+-0.0000792870*J1^1*Q^4+0.0000148663*Q^5+0,0.0000264290*J1^2*Q^3+-0.0000396435*J1^1*Q^4+0.0000148663*Q^5+0,-0.0000305176*J1^2*Q^3+0.0000457764*J1^1*Q^4+-0.0000171661*Q^5+0,0,-0.0000915527*J1^2*Q^3+0.0000915527*J1^1*Q^4+-0.0000171661*Q^5+0,-0.0000305176*J1^2*Q^3+0.0000457764*J1^1*Q^4+-0.0000171661*Q^5+0,0.0000352387*J1^2*Q^3+-0.0000528580*J1^1*Q^4+0.0000198217*Q^5+0,0,-0.0000457764*J1^2*Q^3+0.0000457764*J1^1*Q^4+-0.0000085831*Q^5+0,-0.0000152588*J1^2*Q^3+0.0000228882*J1^1*Q^4+-0.0000085831*Q^5+0,0.0000176193*J1^2*Q^3+-0.0000264290*J1^1*Q^4+0.0000099109*Q^5+0,0,0.0000528580*J1^2*Q^3+-0.0000528580*J1^1*Q^4+0.0000099109*Q^5+0,0.0000176193*J1^2*Q^3+-0.0000264290*J1^1*Q^4+0.0000099109*Q^5+0,-0.0000203451*J1^2*Q^3+0.0000305176*J1^1*Q^4+-0.0000114441*Q^5+0,0,-0.0000915527*J1^2*Q^3+0.0000915527*J1^1*Q^4+-0.0000171661*Q^5+0,-0.0000305176*J1^2*Q^3+0.0000457764*J1^1*Q^4+-0.0000171661*Q^5+0,0.0000352387*J1^2*Q^3+-0.0000528580*J1^1*Q^4+0.0000198217*Q^5+0,0,0.0001057160*J1^2*Q^3+-0.0001057160*J1^1*Q^4+0.0000198217*Q^5+0,0.0000352387*J1^2*Q^3+-0.0000528580*J1^1*Q^4+0.0000198217*Q^5+0,-0.0000406901*J1^2*Q^3+0.0000610352*J1^1*Q^4+-0.0000228882*Q^5+0,0,0.0000528580*J1^2*Q^3+-0.0000528580*J1^1*Q^4+0.0000099109*Q^5+0,0.0000176193*J1^2*Q^3+-0.0000264290*J1^1*Q^4+0.0000099109*Q^5+0,-0.0000203451*J1^2*Q^3+0.0000305176*J1^1*Q^4+-0.0000114441*Q^5+0,0,-0.0000610352*J1^2*Q^3+0.0000610352*J1^1*Q^4+-0.0000114441*Q^5+0,-0.0000203451*J1^2*Q^3+0.0000305176*J1^1*Q^4+-0.0000114441*Q^5+0,0.0000234924*J1^2*Q^3+-0.0000352387*J1^1*Q^4+0.0000132145*Q^5+0,0,0.0000915527*J1^2*Q^3+-0.0000915527*J1^1*Q^4+0.0000171661*Q^5+0,0.0000305176*J1^2*Q^3+-0.0000457764*J1^1*Q^4+0.0000171661*Q^5+0,-0.0000352387*J1^2*Q^3+0.0000528580*J1^1*Q^4+-0.0000198217*Q^5+0,0,-0.0001057160*J1^2*Q^3+0.0001057160*J1^1*Q^4+-0.0000198217*Q^5+0,-0.0000352387*J1^2*Q^3+0.0000528580*J1^1*Q^4+-0.0000198217*Q^5+0,0.0000406901*J1^2*Q^3+-0.0000610352*J1^1*Q^4+0.0000228882*Q^5+0,0,-0.0000528580*J1^2*Q^3+0.0000528580*J1^1*Q^4+-0.0000099109*Q^5+0,-0.0000176193*J1^2*Q^3+0.0000264290*J1^1*Q^4+-0.0000099109*Q^5+0,0.0000203451*J1^2*Q^3+-0.0000305176*J1^1*Q^4+0.0000114441*Q^5+0,0,0.0000610352*J1^2*Q^3+-0.0000610352*J1^1*Q^4+0.0000114441*Q^5+0,0.0000203451*J1^2*Q^3+-0.0000305176*J1^1*Q^4+0.0000114441*Q^5+0,-0.0000234924*J1^2*Q^3+0.0000352387*J1^1*Q^4+-0.0000132145*Q^5+0,0,-0.0001057160*J1^2*Q^3+0.0001057160*J1^1*Q^4+-0.0000198217*Q^5+0,-0.0000352387*J1^2*Q^3+0.0000528580*J1^1*Q^4+-0.0000198217*Q^5+0,0.0000406901*J1^2*Q^3+-0.0000610352*J1^1*Q^4+0.0000228882*Q^5+0,0,0.0001220703*J1^2*Q^3+-0.0001220703*J1^1*Q^4+0.0000228882*Q^5+0,0.0000406901*J1^2*Q^3+-0.0000610352*J1^1*Q^4+0.0000228882*Q^5+0,-0.0000469849*J1^2*Q^3+0.0000704773*J1^1*Q^4+-0.0000264290*Q^5+0,0,0.0000610352*J1^2*Q^3+-0.0000610352*J1^1*Q^4+0.0000114441*Q^5+0,0.0000203451*J1^2*Q^3+-0.0000305176*J1^1*Q^4+0.0000114441*Q^5+0,-0.0000234924*J1^2*Q^3+0.0000352387*J1^1*Q^4+-0.0000132145*Q^5+0,0,-0.0000704773*J1^2*Q^3+0.0000704773*J1^1*Q^4+-0.0000132145*Q^5+0,-0.0000234924*J1^2*Q^3+0.0000352387*J1^1*Q^4+-0.0000132145*Q^5+0,0.0000271267*J1^2*Q^3+-0.0000406901*J1^1*Q^4+0.0000152588*Q^5+0},
{0,0.0000264290*J1^2*Q^3+-0.0000396435*J1^1*Q^4+0.0000148663*Q^5+0,0.0000792870*J1^2*Q^3+-0.0000792870*J1^1*Q^4+0.0000148663*Q^5+0,-0.0000305176*J1^2*Q^3+0.0000457764*J1^1*Q^4+-0.0000171661*Q^5+0,0,-0.0000305176*J1^2*Q^3+0.0000457764*J1^1*Q^4+-0.0000171661*Q^5+0,-0.0000915527*J1^2*Q^3+0.0000915527*J1^1*Q^4+-0.0000171661*Q^5+0,0.0000352387*J1^2*Q^3+-0.0000528580*J1^1*Q^4+0.0000198217*Q^5+0,0,-0.0000152588*J1^2*Q^3+0.0000228882*J1^1*Q^4+-0.0000085831*Q^5+0,-0.0000457764*J1^2*Q^3+0.0000457764*J1^1*Q^4+-0.0000085831*Q^5+0,0.0000176193*J1^2*Q^3+-0.0000264290*J1^1*Q^4+0.0000099109*Q^5+0,0,0.0000176193*J1^2*Q^3+-0.0000264290*J1^1*Q^4+0.0000099109*Q^5+0,0.0000528580*J1^2*Q^3+-0.0000528580*J1^1*Q^4+0.0000099109*Q^5+0,-0.0000203451*J1^2*Q^3+0.0000305176*J1^1*Q^4+-0.0000114441*Q^5+0,0,-0.0000305176*J1^2*Q^3+0.0000457764*J1^1*Q^4+-0.0000171661*Q^5+0,-0.0000915527*J1^2*Q^3+0.0000915527*J1^1*Q^4+-0.0000171661*Q^5+0,0.0000352387*J1^2*Q^3+-0.0000528580*J1^1*Q^4+0.0000198217*Q^5+0,0,0.0000352387*J1^2*Q^3+-0.0000528580*J1^1*Q^4+0.0000198217*Q^5+0,0.0001057160*J1^2*Q^3+-0.0001057160*J1^1*Q^4+0.0000198217*Q^5+0,-0.0000406901*J1^2*Q^3+0.0000610352*J1^1*Q^4+-0.0000228882*Q^5+0,0,0.0000176193*J1^2*Q^3+-0.0000264290*J1^1*Q^4+0.0000099109*Q^5+0,0.0000528580*J1^2*Q^3+-0.0000528580*J1^1*Q^4+0.0000099109*Q^5+0,-0.0000203451*J1^2*Q^3+0.0000305176*J1^1*Q^4+-0.0000114441*Q^5+0,0,-0.0000203451*J1^2*Q^3+0.0000305176*J1^1*Q^4+-0.0000114441*Q^5+0,-0.0000610352*J1^2*Q^3+0.0000610352*J1^1*Q^4+-0.0000114441*Q^5+0,0.0000234924*J1^2*Q^3+-0.0000352387*J1^1*Q^4+0.0000132145*Q^5+0,0,0.0000305176*J1^2*Q^3+-0.0000457764*J1^1*Q^4+0.0000171661*Q^5+0,0.0000915527*J1^2*Q^3+-0.0000915527*J1^1*Q^4+0.0000171661*Q^5+0,-0.0000352387*J1^2*Q^3+0.0000528580*J1^1*Q^4+-0.0000198217*Q^5+0,0,-0.0000352387*J1^2*Q^3+0.0000528580*J1^1*Q^4+-0.0000198217*Q^5+0,-0.0001057160*J1^2*Q^3+0.0001057160*J1^1*Q^4+-0.0000198217*Q^5+0,0.0000406901*J1^2*Q^3+-0.0000610352*J1^1*Q^4+0.0000228882*Q^5+0,0,-0.0000176193*J1^2*Q^3+0.0000264290*J1^1*Q^4+-0.0000099109*Q^5+0,-0.0000528580*J1^2*Q^3+0.0000528580*J1^1*Q^4+-0.0000099109*Q^5+0,0.0000203451*J1^2*Q^3+-0.0000305176*J1^1*Q^4+0.0000114441*Q^5+0,0,0.0000203451*J1^2*Q^3+-0.0000305176*J1^1*Q^4+0.0000114441*Q^5+0,0.0000610352*J1^2*Q^3+-0.0000610352*J1^1*Q^4+0.0000114441*Q^5+0,-0.0000234924*J1^2*Q^3+0.0000352387*J1^1*Q^4+-0.0000132145*Q^5+0,0,-0.0000352387*J1^2*Q^3+0.0000528580*J1^1*Q^4+-0.0000198217*Q^5+0,-0.0001057160*J1^2*Q^3+0.0001057160*J1^1*Q^4+-0.0000198217*Q^5+0,0.0000406901*J1^2*Q^3+-0.0000610352*J1^1*Q^4+0.0000228882*Q^5+0,0,0.0000406901*J1^2*Q^3+-0.0000610352*J1^1*Q^4+0.0000228882*Q^5+0,0.0001220703*J1^2*Q^3+-0.0001220703*J1^1*Q^4+0.0000228882*Q^5+0,-0.0000469849*J1^2*Q^3+0.0000704773*J1^1*Q^4+-0.0000264290*Q^5+0,0,0.0000203451*J1^2*Q^3+-0.0000305176*J1^1*Q^4+0.0000114441*Q^5+0,0.0000610352*J1^2*Q^3+-0.0000610352*J1^1*Q^4+0.0000114441*Q^5+0,-0.0000234924*J1^2*Q^3+0.0000352387*J1^1*Q^4+-0.0000132145*Q^5+0,0,-0.0000234924*J1^2*Q^3+0.0000352387*J1^1*Q^4+-0.0000132145*Q^5+0,-0.0000704773*J1^2*Q^3+0.0000704773*J1^1*Q^4+-0.0000132145*Q^5+0,0.0000271267*J1^2*Q^3+-0.0000406901*J1^1*Q^4+0.0000152588*Q^5+0},
{0.0000264290*J1^2*Q^3+-0.0000396435*J1^1*Q^4+0.0000148663*Q^5+0,-0.0000305176*J1^2*Q^3+0.0000457764*J1^1*Q^4+-0.0000171661*Q^5+0,-0.0000305176*J1^2*Q^3+0.0000457764*J1^1*Q^4+-0.0000171661*Q^5+0,0.0001145257*J1^2*Q^3+-0.0001321450*J1^1*Q^4+0.0000346881*Q^5+0,-0.0000305176*J1^2*Q^3+0.0000457764*J1^1*Q^4+-0.0000171661*Q^5+0,0.0000352387*J1^2*Q^3+-0.0000528580*J1^1*Q^4+0.0000198217*Q^5+0,0.0000352387*J1^2*Q^3+-0.0000528580*J1^1*Q^4+0.0000198217*Q^5+0,-0.0001322428*J1^2*Q^3+0.0001525879*J1^1*Q^4+-0.0000400543*Q^5+0,-0.0000152588*J1^2*Q^3+0.0000228882*J1^1*Q^4+-0.0000085831*Q^5+0,0.0000176193*J1^2*Q^3+-0.0000264290*J1^1*Q^4+0.0000099109*Q^5+0,0.0000176193*J1^2*Q^3+-0.0000264290*J1^1*Q^4+0.0000099109*Q^5+0,-0.0000661214*J1^2*Q^3+0.0000762939*J1^1*Q^4+-0.0000200272*Q^5+0,0.0000176193*J1^2*Q^3+-0.0000264290*J1^1*Q^4+0.0000099109*Q^5+0,-0.0000203451*J1^2*Q^3+0.0000305176*J1^1*Q^4+-0.0000114441*Q^5+0,-0.0000203451*J1^2*Q^3+0.0000305176*J1^1*Q^4+-0.0000114441*Q^5+0,0.0000763504*J1^2*Q^3+-0.0000880967*J1^1*Q^4+0.0000231254*Q^5+0,-0.0000305176*J1^2*Q^3+0.0000457764*J1^1*Q^4+-0.0000171661*Q^5+0,0.0000352387*J1^2*Q^3+-0.0000528580*J1^1*Q^4+0.0000198217*Q^5+0,0.0000352387*J1^2*Q^3+-0.0000528580*J1^1*Q^4+0.0000198217*Q^5+0,-0.0001322428*J1^2*Q^3+0.0001525879*J1^1*Q^4+-0.0000400543*Q^5+0,0.0000352387*J1^2*Q^3+-0.0000528580*J1^1*Q^4+0.0000198217*Q^5+0,-0.0000406901*J1^2*Q^3+0.0000610352*J1^1*Q^4+-0.0000228882*Q^5+0,-0.0000406901*J1^2*Q^3+0.0000610352*J1^1*Q^4+-0.0000228882*Q^5+0,0.0001527009*J1^2*Q^3+-0.0001761933*J1^1*Q^4+0.0000462507*Q^5+0,0.0000176193*J1^2*Q^3+-0.0000264290*J1^1*Q^4+0.0000099109*Q^5+0,-0.0000203451*J1^2*Q^3+0.0000305176*J1^1*Q^4+-0.0000114441*Q^5+0,-0.0000203451*J1^2*Q^3+0.0000305176*J1^1*Q^4+-0.0000114441*Q^5+0,0.0000763504*J1^2*Q^3+-0.0000880967*J1^1*Q^4+0.0000231254*Q^5+0,-0.0000203451*J1^2*Q^3+0.0000305176*J1^1*Q^4+-0.0000114441*Q^5+0,0.0000234924*J1^2*Q^3+-0.0000352387*J1^1*Q^4+0.0000132145*Q^5+0,0.0000234924*J1^2*Q^3+-0.0000352387*J1^1*Q^4+0.0000132145*Q^5+0,-0.0000881619*J1^2*Q^3+0.0001017253*J1^1*Q^4+-0.0000267029*Q^5+0,0.0000305176*J1^2*Q^3+-0.0000457764*J1^1*Q^4+0.0000171661*Q^5+0,-0.0000352387*J1^2*Q^3+0.0000528580*J1^1*Q^4+-0.0000198217*Q^5+0,-0.0000352387*J1^2*Q^3+0.0000528580*J1^1*Q^4+-0.0000198217*Q^5+0,0.0001322428*J1^2*Q^3+-0.0001525879*J1^1*Q^4+0.0000400543*Q^5+0,-0.0000352387*J1^2*Q^3+0.0000528580*J1^1*Q^4+-0.0000198217*Q^5+0,0.0000406901*J1^2*Q^3+-0.0000610352*J1^1*Q^4+0.0000228882*Q^5+0,0.0000406901*J1^2*Q^3+-0.0000610352*J1^1*Q^4+0.0000228882*Q^5+0,-0.0001527009*J1^2*Q^3+0.0001761933*J1^1*Q^4+-0.0000462507*Q^5+0,-0.0000176193*J1^2*Q^3+0.0000264290*J1^1*Q^4+-0.0000099109*Q^5+0,0.0000203451*J1^2*Q^3+-0.0000305176*J1^1*Q^4+0.0000114441*Q^5+0,0.0000203451*J1^2*Q^3+-0.0000305176*J1^1*Q^4+0.0000114441*Q^5+0,-0.0000763504*J1^2*Q^3+0.0000880967*J1^1*Q^4+-0.0000231254*Q^5+0,0.0000203451*J1^2*Q^3+-0.0000305176*J1^1*Q^4+0.0000114441*Q^5+0,-0.0000234924*J1^2*Q^3+0.0000352387*J1^1*Q^4+-0.0000132145*Q^5+0,-0.0000234924*J1^2*Q^3+0.0000352387*J1^1*Q^4+-0.0000132145*Q^5+0,0.0000881619*J1^2*Q^3+-0.0001017253*J1^1*Q^4+0.0000267029*Q^5+0,-0.0000352387*J1^2*Q^3+0.0000528580*J1^1*Q^4+-0.0000198217*Q^5+0,0.0000406901*J1^2*Q^3+-0.0000610352*J1^1*Q^4+0.0000228882*Q^5+0,0.0000406901*J1^2*Q^3+-0.0000610352*J1^1*Q^4+0.0000228882*Q^5+0,-0.0001527009*J1^2*Q^3+0.0001761933*J1^1*Q^4+-0.0000462507*Q^5+0,0.0000406901*J1^2*Q^3+-0.0000610352*J1^1*Q^4+0.0000228882*Q^5+0,-0.0000469849*J1^2*Q^3+0.0000704773*J1^1*Q^4+-0.0000264290*Q^5+0,-0.0000469849*J1^2*Q^3+0.0000704773*J1^1*Q^4+-0.0000264290*Q^5+0,0.0001763238*J1^2*Q^3+-0.0002034505*J1^1*Q^4+0.0000534058*Q^5+0,0.0000203451*J1^2*Q^3+-0.0000305176*J1^1*Q^4+0.0000114441*Q^5+0,-0.0000234924*J1^2*Q^3+0.0000352387*J1^1*Q^4+-0.0000132145*Q^5+0,-0.0000234924*J1^2*Q^3+0.0000352387*J1^1*Q^4+-0.0000132145*Q^5+0,0.0000881619*J1^2*Q^3+-0.0001017253*J1^1*Q^4+0.0000267029*Q^5+0,-0.0000234924*J1^2*Q^3+0.0000352387*J1^1*Q^4+-0.0000132145*Q^5+0,0.0000271267*J1^2*Q^3+-0.0000406901*J1^1*Q^4+0.0000152588*Q^5+0,0.0000271267*J1^2*Q^3+-0.0000406901*J1^1*Q^4+0.0000152588*Q^5+0,-0.0001018006*J1^2*Q^3+0.0001174622*J1^1*Q^4+-0.0000308338*Q^5+0},
{0,0,0,0,-0.0000457764*J1^2*Q^3+0.0000457764*J1^1*Q^4+-0.0000085831*Q^5+0,0,0,-0.0000152588*J1^2*Q^3+0.0000228882*J1^1*Q^4+-0.0000085831*Q^5+0,0,0,0,0,-0.0000792870*J1^2*Q^3+0.0000792870*J1^1*Q^4+-0.0000148663*Q^5+0,0,0,-0.0000264290*J1^2*Q^3+0.0000396435*J1^1*Q^4+-0.0000148663*Q^5+0,0,0,0,0,0.0000528580*J1^2*Q^3+-0.0000528580*J1^1*Q^4+0.0000099109*Q^5+0,0,0,0.0000176193*J1^2*Q^3+-0.0000264290*J1^1*Q^4+0.0000099109*Q^5+0,0,0,0,0,0.0000915527*J1^2*Q^3+-0.0000915527*J1^1*Q^4+0.0000171661*Q^5+0,0,0,0.0000305176*J1^2*Q^3+-0.0000457764*J1^1*Q^4+0.0000171661*Q^5+0,0,0,0,0,-0.0000528580*J1^2*Q^3+0.0000528580*J1^1*Q^4+-0.0000099109*Q^5+0,0,0,-0.0000176193*J1^2*Q^3+0.0000264290*J1^1*Q^4+-0.0000099109*Q^5+0,0,0,0,0,-0.0000915527*J1^2*Q^3+0.0000915527*J1^1*Q^4+-0.0000171661*Q^5+0,0,0,-0.0000305176*J1^2*Q^3+0.0000457764*J1^1*Q^4+-0.0000171661*Q^5+0,0,0,0,0,0.0000610352*J1^2*Q^3+-0.0000610352*J1^1*Q^4+0.0000114441*Q^5+0,0,0,0.0000203451*J1^2*Q^3+-0.0000305176*J1^1*Q^4+0.0000114441*Q^5+0,0,0,0,0,0.0001057160*J1^2*Q^3+-0.0001057160*J1^1*Q^4+0.0000198217*Q^5+0,0,0,0.0000352387*J1^2*Q^3+-0.0000528580*J1^1*Q^4+0.0000198217*Q^5+0},
{0,0,0,0,0,-0.0000457764*J1^2*Q^3+0.0000457764*J1^1*Q^4+-0.0000085831*Q^5+0,-0.0000152588*J1^2*Q^3+0.0000228882*J1^1*Q^4+-0.0000085831*Q^5+0,0.0000176193*J1^2*Q^3+-0.0000264290*J1^1*Q^4+0.0000099109*Q^5+0,0,0,0,0,0,-0.0000792870*J1^2*Q^3+0.0000792870*J1^1*Q^4+-0.0000148663*Q^5+0,-0.0000264290*J1^2*Q^3+0.0000396435*J1^1*Q^4+-0.0000148663*Q^5+0,0.0000305176*J1^2*Q^3+-0.0000457764*J1^1*Q^4+0.0000171661*Q^5+0,0,0,0,0,0,0.0000528580*J1^2*Q^3+-0.0000528580*J1^1*Q^4+0.0000099109*Q^5+0,0.0000176193*J1^2*Q^3+-0.0000264290*J1^1*Q^4+0.0000099109*Q^5+0,-0.0000203451*J1^2*Q^3+0.0000305176*J1^1*Q^4+-0.0000114441*Q^5+0,0,0,0,0,0,0.0000915527*J1^2*Q^3+-0.0000915527*J1^1*Q^4+0.0000171661*Q^5+0,0.0000305176*J1^2*Q^3+-0.0000457764*J1^1*Q^4+0.0000171661*Q^5+0,-0.0000352387*J1^2*Q^3+0.0000528580*J1^1*Q^4+-0.0000198217*Q^5+0,0,0,0,0,0,-0.0000528580*J1^2*Q^3+0.0000528580*J1^1*Q^4+-0.0000099109*Q^5+0,-0.0000176193*J1^2*Q^3+0.0000264290*J1^1*Q^4+-0.0000099109*Q^5+0,0.0000203451*J1^2*Q^3+-0.0000305176*J1^1*Q^4+0.0000114441*Q^5+0,0,0,0,0,0,-0.0000915527*J1^2*Q^3+0.0000915527*J1^1*Q^4+-0.0000171661*Q^5+0,-0.0000305176*J1^2*Q^3+0.0000457764*J1^1*Q^4+-0.0000171661*Q^5+0,0.0000352387*J1^2*Q^3+-0.0000528580*J1^1*Q^4+0.0000198217*Q^5+0,0,0,0,0,0,0.0000610352*J1^2*Q^3+-0.0000610352*J1^1*Q^4+0.0000114441*Q^5+0,0.0000203451*J1^2*Q^3+-0.0000305176*J1^1*Q^4+0.0000114441*Q^5+0,-0.0000234924*J1^2*Q^3+0.0000352387*J1^1*Q^4+-0.0000132145*Q^5+0,0,0,0,0,0,0.0001057160*J1^2*Q^3+-0.0001057160*J1^1*Q^4+0.0000198217*Q^5+0,0.0000352387*J1^2*Q^3+-0.0000528580*J1^1*Q^4+0.0000198217*Q^5+0,-0.0000406901*J1^2*Q^3+0.0000610352*J1^1*Q^4+-0.0000228882*Q^5+0},
{0,0,0,0,0,-0.0000152588*J1^2*Q^3+0.0000228882*J1^1*Q^4+-0.0000085831*Q^5+0,-0.0000457764*J1^2*Q^3+0.0000457764*J1^1*Q^4+-0.0000085831*Q^5+0,0.0000176193*J1^2*Q^3+-0.0000264290*J1^1*Q^4+0.0000099109*Q^5+0,0,0,0,0,0,-0.0000264290*J1^2*Q^3+0.0000396435*J1^1*Q^4+-0.0000148663*Q^5+0,-0.0000792870*J1^2*Q^3+0.0000792870*J1^1*Q^4+-0.0000148663*Q^5+0,0.0000305176*J1^2*Q^3+-0.0000457764*J1^1*Q^4+0.0000171661*Q^5+0,0,0,0,0,0,0.0000176193*J1^2*Q^3+-0.0000264290*J1^1*Q^4+0.0000099109*Q^5+0,0.0000528580*J1^2*Q^3+-0.0000528580*J1^1*Q^4+0.0000099109*Q^5+0,-0.0000203451*J1^2*Q^3+0.0000305176*J1^1*Q^4+-0.0000114441*Q^5+0,0,0,0,0,0,0.0000305176*J1^2*Q^3+-0.0000457764*J1^1*Q^4+0.0000171661*Q^5+0,0.0000915527*J1^2*Q^3+-0.0000915527*J1^1*Q^4+0.0000171661*Q^5+0,-0.0000352387*J1^2*Q^3+0.0000528580*J1^1*Q^4+-0.0000198217*Q^5+0,0,0,0,0,0,-0.0000176193*J1^2*Q^3+0.0000264290*J1^1*Q^4+-0.0000099109*Q^5+0,-0.0000528580*J1^2*Q^3+0.0000528580*J1^1*Q^4+-0.0000099109*Q^5+0,0.0000203451*J1^2*Q^3+-0.0000305176*J1^1*Q^4+0.0000114441*Q^5+0,0,0,0,0,0,-0.0000305176*J1^2*Q^3+0.0000457764*J1^1*Q^4+-0.0000171661*Q^5+0,-0.0000915527*J1^2*Q^3+0.0000915527*J1^1*Q^4+-0.0000171661*Q^5+0,0.0000352387*J1^2*Q^3+-0.0000528580*J1^1*Q^4+0.0000198217*Q^5+0,0,0,0,0,0,0.0000203451*J1^2*Q^3+-0.0000305176*J1^1*Q^4+0.0000114441*Q^5+0,0.0000610352*J1^2*Q^3+-0.0000610352*J1^1*Q^4+0.0000114441*Q^5+0,-0.0000234924*J1^2*Q^3+0.0000352387*J1^1*Q^4+-0.0000132145*Q^5+0,0,0,0,0,0,0.0000352387*J1^2*Q^3+-0.0000528580*J1^1*Q^4+0.0000198217*Q^5+0,0.0001057160*J1^2*Q^3+-0.0001057160*J1^1*Q^4+0.0000198217*Q^5+0,-0.0000406901*J1^2*Q^3+0.0000610352*J1^1*Q^4+-0.0000228882*Q^5+0},
{0,0,0,0,-0.0000152588*J1^2*Q^3+0.0000228882*J1^1*Q^4+-0.0000085831*Q^5+0,0.0000176193*J1^2*Q^3+-0.0000264290*J1^1*Q^4+0.0000099109*Q^5+0,0.0000176193*J1^2*Q^3+-0.0000264290*J1^1*Q^4+0.0000099109*Q^5+0,-0.0000661214*J1^2*Q^3+0.0000762939*J1^1*Q^4+-0.0000200272*Q^5+0,0,0,0,0,-0.0000264290*J1^2*Q^3+0.0000396435*J1^1*Q^4+-0.0000148663*Q^5+0,0.0000305176*J1^2*Q^3+-0.0000457764*J1^1*Q^4+0.0000171661*Q^5+0,0.0000305176*J1^2*Q^3+-0.0000457764*J1^1*Q^4+0.0000171661*Q^5+0,-0.0001145257*J1^2*Q^3+0.0001321450*J1^1*Q^4+-0.0000346881*Q^5+0,0,0,0,0,0.0000176193*J1^2*Q^3+-0.0000264290*J1^1*Q^4+0.0000099109*Q^5+0,-0.0000203451*J1^2*Q^3+0.0000305176*J1^1*Q^4+-0.0000114441*Q^5+0,-0.0000203451*J1^2*Q^3+0.0000305176*J1^1*Q^4+-0.0000114441*Q^5+0,0.0000763504*J1^2*Q^3+-0.0000880967*J1^1*Q^4+0.0000231254*Q^5+0,0,0,0,0,0.0000305176*J1^2*Q^3+-0.0000457764*J1^1*Q^4+0.0000171661*Q^5+0,-0.0000352387*J1^2*Q^3+0.0000528580*J1^1*Q^4+-0.0000198217*Q^5+0,-0.0000352387*J1^2*Q^3+0.0000528580*J1^1*Q^4+-0.0000198217*Q^5+0,0.0001322428*J1^2*Q^3+-0.0001525879*J1^1*Q^4+0.0000400543*Q^5+0,0,0,0,0,-0.0000176193*J1^2*Q^3+0.0000264290*J1^1*Q^4+-0.0000099109*Q^5+0,0.0000203451*J1^2*Q^3+-0.0000305176*J1^1*Q^4+0.0000114441*Q^5+0,0.0000203451*J1^2*Q^3+-0.0000305176*J1^1*Q^4+0.0000114441*Q^5+0,-0.0000763504*J1^2*Q^3+0.0000880967*J1^1*Q^4+-0.0000231254*Q^5+0,0,0,0,0,-0.0000305176*J1^2*Q^3+0.0000457764*J1^1*Q^4+-0.0000171661*Q^5+0,0.0000352387*J1^2*Q^3+-0.0000528580*J1^1*Q^4+0.0000198217*Q^5+0,0.0000352387*J1^2*Q^3+-0.0000528580*J1^1*Q^4+0.0000198217*Q^5+0,-0.0001322428*J1^2*Q^3+0.0001525879*J1^1*Q^4+-0.0000400543*Q^5+0,0,0,0,0,0.0000203451*J1^2*Q^3+-0.0000305176*J1^1*Q^4+0.0000114441*Q^5+0,-0.0000234924*J1^2*Q^3+0.0000352387*J1^1*Q^4+-0.0000132145*Q^5+0,-0.0000234924*J1^2*Q^3+0.0000352387*J1^1*Q^4+-0.0000132145*Q^5+0,0.0000881619*J1^2*Q^3+-0.0001017253*J1^1*Q^4+0.0000267029*Q^5+0,0,0,0,0,0.0000352387*J1^2*Q^3+-0.0000528580*J1^1*Q^4+0.0000198217*Q^5+0,-0.0000406901*J1^2*Q^3+0.0000610352*J1^1*Q^4+-0.0000228882*Q^5+0,-0.0000406901*J1^2*Q^3+0.0000610352*J1^1*Q^4+-0.0000228882*Q^5+0,0.0001527009*J1^2*Q^3+-0.0001761933*J1^1*Q^4+0.0000462507*Q^5+0},
{-0.0000457764*J1^2*Q^3+0.0000457764*J1^1*Q^4+-0.0000085831*Q^5+0,0,0,-0.0000152588*J1^2*Q^3+0.0000228882*J1^1*Q^4+-0.0000085831*Q^5+0,0.0000528580*J1^2*Q^3+-0.0000528580*J1^1*Q^4+0.0000099109*Q^5+0,0,0,0.0000176193*J1^2*Q^3+-0.0000264290*J1^1*Q^4+0.0000099109*Q^5+0,-0.0000792870*J1^2*Q^3+0.0000792870*J1^1*Q^4+-0.0000148663*Q^5+0,0,0,-0.0000264290*J1^2*Q^3+0.0000396435*J1^1*Q^4+-0.0000148663*Q^5+0,0.0000915527*J1^2*Q^3+-0.0000915527*J1^1*Q^4+0.0000171661*Q^5+0,0,0,0.0000305176*J1^2*Q^3+-0.0000457764*J1^1*Q^4+0.0000171661*Q^5+0,0.0000528580*J1^2*Q^3+-0.0000528580*J1^1*Q^4+0.0000099109*Q^5+0,0,0,0.0000176193*J1^2*Q^3+-0.0000264290*J1^1*Q^4+0.0000099109*Q^5+0,-0.0000610352*J1^2*Q^3+0.0000610352*J1^1*Q^4+-0.0000114441*Q^5+0,0,0,-0.0000203451*J1^2*Q^3+0.0000305176*J1^1*Q^4+-0.0000114441*Q^5+0,0.0000915527*J1^2*Q^3+-0.0000915527*J1^1*Q^4+0.0000171661*Q^5+0,0,0,0.0000305176*J1^2*Q^3+-0.0000457764*J1^1*Q^4+0.0000171661*Q^5+0,-0.0001057160*J1^2*Q^3+0.0001057160*J1^1*Q^4+-0.0000198217*Q^5+0,0,0,-0.0000352387*J1^2*Q^3+0.0000528580*J1^1*Q^4+-0.0000198217*Q^5+0,-0.0000528580*J1^2*Q^3+0.0000528580*J1^1*Q^4+-0.0000099109*Q^5+0,0,0,-0.0000176193*J1^2*Q^3+0.0000264290*J1^1*Q^4+-0.0000099109*Q^5+0,0.0000610352*J1^2*Q^3+-0.0000610352*J1^1*Q^4+0.0000114441*Q^5+0,0,0,0.0000203451*J1^2*Q^3+-0.0000305176*J1^1*Q^4+0.0000114441*Q^5+0,-0.0000915527*J1^2*Q^3+0.0000915527*J1^1*Q^4+-0.0000171661*Q^5+0,0,0,-0.0000305176*J1^2*Q^3+0.0000457764*J1^1*Q^4+-0.0000171661*Q^5+0,0.0001057160*J1^2*Q^3+-0.0001057160*J1^1*Q^4+0.0000198217*Q^5+0,0,0,0.0000352387*J1^2*Q^3+-0.0000528580*J1^1*Q^4+0.0000198217*Q^5+0,0.0000610352*J1^2*Q^3+-0.0000610352*J1^1*Q^4+0.0000114441*Q^5+0,0,0,0.0000203451*J1^2*Q^3+-0.0000305176*J1^1*Q^4+0.0000114441*Q^5+0,-0.0000704773*J1^2*Q^3+0.0000704773*J1^1*Q^4+-0.0000132145*Q^5+0,0,0,-0.0000234924*J1^2*Q^3+0.0000352387*J1^1*Q^4+-0.0000132145*Q^5+0,0.0001057160*J1^2*Q^3+-0.0001057160*J1^1*Q^4+0.0000198217*Q^5+0,0,0,0.0000352387*J1^2*Q^3+-0.0000528580*J1^1*Q^4+0.0000198217*Q^5+0,-0.0001220703*J1^2*Q^3+0.0001220703*J1^1*Q^4+-0.0000228882*Q^5+0,0,0,-0.0000406901*J1^2*Q^3+0.0000610352*J1^1*Q^4+-0.0000228882*Q^5+0},
{0,-0.0000457764*J1^2*Q^3+0.0000457764*J1^1*Q^4+-0.0000085831*Q^5+0,-0.0000152588*J1^2*Q^3+0.0000228882*J1^1*Q^4+-0.0000085831*Q^5+0,0.0000176193*J1^2*Q^3+-0.0000264290*J1^1*Q^4+0.0000099109*Q^5+0,0,0.0000528580*J1^2*Q^3+-0.0000528580*J1^1*Q^4+0.0000099109*Q^5+0,0.0000176193*J1^2*Q^3+-0.0000264290*J1^1*Q^4+0.0000099109*Q^5+0,-0.0000203451*J1^2*Q^3+0.0000305176*J1^1*Q^4+-0.0000114441*Q^5+0,0,-0.0000792870*J1^2*Q^3+0.0000792870*J1^1*Q^4+-0.0000148663*Q^5+0,-0.0000264290*J1^2*Q^3+0.0000396435*J1^1*Q^4+-0.0000148663*Q^5+0,0.0000305176*J1^2*Q^3+-0.0000457764*J1^1*Q^4+0.0000171661*Q^5+0,0,0.0000915527*J1^2*Q^3+-0.0000915527*J1^1*Q^4+0.0000171661*Q^5+0,0.0000305176*J1^2*Q^3+-0.0000457764*J1^1*Q^4+0.0000171661*Q^5+0,-0.0000352387*J1^2*Q^3+0.0000528580*J1^1*Q^4+-0.0000198217*Q^5+0,0,0.0000528580*J1^2*Q^3+-0.0000528580*J1^1*Q^4+0.0000099109*Q^5+0,0.0000176193*J1^2*Q^3+-0.0000264290*J1^1*Q^4+0.0000099109*Q^5+0,-0.0000203451*J1^2*Q^3+0.0000305176*J1^1*Q^4+-0.0000114441*Q^5+0,0,-0.0000610352*J1^2*Q^3+0.0000610352*J1^1*Q^4+-0.0000114441*Q^5+0,-0.0000203451*J1^2*Q^3+0.0000305176*J1^1*Q^4+-0.0000114441*Q^5+0,0.0000234924*J1^2*Q^3+-0.0000352387*J1^1*Q^4+0.0000132145*Q^5+0,0,0.0000915527*J1^2*Q^3+-0.0000915527*J1^1*Q^4+0.0000171661*Q^5+0,0.0000305176*J1^2*Q^3+-0.0000457764*J1^1*Q^4+0.0000171661*Q^5+0,-0.0000352387*J1^2*Q^3+0.0000528580*J1^1*Q^4+-0.0000198217*Q^5+0,0,-0.0001057160*J1^2*Q^3+0.0001057160*J1^1*Q^4+-0.0000198217*Q^5+0,-0.0000352387*J1^2*Q^3+0.0000528580*J1^1*Q^4+-0.0000198217*Q^5+0,0.0000406901*J1^2*Q^3+-0.0000610352*J1^1*Q^4+0.0000228882*Q^5+0,0,-0.0000528580*J1^2*Q^3+0.0000528580*J1^1*Q^4+-0.0000099109*Q^5+0,-0.0000176193*J1^2*Q^3+0.0000264290*J1^1*Q^4+-0.0000099109*Q^5+0,0.0000203451*J1^2*Q^3+-0.0000305176*J1^1*Q^4+0.0000114441*Q^5+0,0,0.0000610352*J1^2*Q^3+-0.0000610352*J1^1*Q^4+0.0000114441*Q^5+0,0.0000203451*J1^2*Q^3+-0.0000305176*J1^1*Q^4+0.0000114441*Q^5+0,-0.0000234924*J1^2*Q^3+0.0000352387*J1^1*Q^4+-0.0000132145*Q^5+0,0,-0.0000915527*J1^2*Q^3+0.0000915527*J1^1*Q^4+-0.0000171661*Q^5+0,-0.0000305176*J1^2*Q^3+0.0000457764*J1^1*Q^4+-0.0000171661*Q^5+0,0.0000352387*J1^2*Q^3+-0.0000528580*J1^1*Q^4+0.0000198217*Q^5+0,0,0.0001057160*J1^2*Q^3+-0.0001057160*J1^1*Q^4+0.0000198217*Q^5+0,0.0000352387*J1^2*Q^3+-0.0000528580*J1^1*Q^4+0.0000198217*Q^5+0,-0.0000406901*J1^2*Q^3+0.0000610352*J1^1*Q^4+-0.0000228882*Q^5+0,0,0.0000610352*J1^2*Q^3+-0.0000610352*J1^1*Q^4+0.0000114441*Q^5+0,0.0000203451*J1^2*Q^3+-0.0000305176*J1^1*Q^4+0.0000114441*Q^5+0,-0.0000234924*J1^2*Q^3+0.0000352387*J1^1*Q^4+-0.0000132145*Q^5+0,0,-0.0000704773*J1^2*Q^3+0.0000704773*J1^1*Q^4+-0.0000132145*Q^5+0,-0.0000234924*J1^2*Q^3+0.0000352387*J1^1*Q^4+-0.0000132145*Q^5+0,0.0000271267*J1^2*Q^3+-0.0000406901*J1^1*Q^4+0.0000152588*Q^5+0,0,0.0001057160*J1^2*Q^3+-0.0001057160*J1^1*Q^4+0.0000198217*Q^5+0,0.0000352387*J1^2*Q^3+-0.0000528580*J1^1*Q^4+0.0000198217*Q^5+0,-0.0000406901*J1^2*Q^3+0.0000610352*J1^1*Q^4+-0.0000228882*Q^5+0,0,-0.0001220703*J1^2*Q^3+0.0001220703*J1^1*Q^4+-0.0000228882*Q^5+0,-0.0000406901*J1^2*Q^3+0.0000610352*J1^1*Q^4+-0.0000228882*Q^5+0,0.0000469849*J1^2*Q^3+-0.0000704773*J1^1*Q^4+0.0000264290*Q^5+0},
{0,-0.0000152588*J1^2*Q^3+0.0000228882*J1^1*Q^4+-0.0000085831*Q^5+0,-0.0000457764*J1^2*Q^3+0.0000457764*J1^1*Q^4+-0.0000085831*Q^5+0,0.0000176193*J1^2*Q^3+-0.0000264290*J1^1*Q^4+0.0000099109*Q^5+0,0,0.0000176193*J1^2*Q^3+-0.0000264290*J1^1*Q^4+0.0000099109*Q^5+0,0.0000528580*J1^2*Q^3+-0.0000528580*J1^1*Q^4+0.0000099109*Q^5+0,-0.0000203451*J1^2*Q^3+0.0000305176*J1^1*Q^4+-0.0000114441*Q^5+0,0,-0.0000264290*J1^2*Q^3+0.0000396435*J1^1*Q^4+-0.0000148663*Q^5+0,-0.0000792870*J1^2*Q^3+0.0000792870*J1^1*Q^4+-0.0000148663*Q^5+0,0.0000305176*J1^2*Q^3+-0.0000457764*J1^1*Q^4+0.0000171661*Q^5+0,0,0.0000305176*J1^2*Q^3+-0.0000457764*J1^1*Q^4+0.0000171661*Q^5+0,0.0000915527*J1^2*Q^3+-0.0000915527*J1^1*Q^4+0.0000171661*Q^5+0,-0.0000352387*J1^2*Q^3+0.0000528580*J1^1*Q^4+-0.0000198217*Q^5+0,0,0.0000176193*J1^2*Q^3+-0.0000264290*J1^1*Q^4+0.0000099109*Q^5+0,0.0000528580*J1^2*Q^3+-0.0000528580*J1^1*Q^4+0.0000099109*Q^5+0,-0.0000203451*J1^2*Q^3+0.0000305176*J1^1*Q^4+-0.0000114441*Q^5+0,0,-0.0000203451*J1^2*Q^3+0.0000305176*J1^1*Q^4+-0.0000114441*Q^5+0,-0.0000610352*J1^2*Q^3+0.0000610352*J1^1*Q^4+-0.0000114441*Q^5+0,0.0000234924*J1^2*Q^3+-0.0000352387*J1^1*Q^4+0.0000132145*Q^5+0,0,0.0000305176*J1^2*Q^3+-0.0000457764*J1^1*Q^4+0.0000171661*Q^5+0,0.0000915527*J1^2*Q^3+-0.0000915527*J1^1*Q^4+0.0000171661*Q^5+0,-0.0000352387*J1^2*Q^3+0.0000528580*J1^1*Q^4+-0.0000198217*Q^5+0,0,-0.0000352387*J1^2*Q^3+0.0000528580*J1^1*Q^4+-0.0000198217*Q^5+0,-0.0001057160*J1^2*Q^3+0.0001057160*J1^1*Q^4+-0.0000198217*Q^5+0,0.0000406901*J1^2*Q^3+-0.0000610352*J1^1*Q^4+0.0000228882*Q^5+0,0,-0.0000176193*J1^2*Q^3+0.0000264290*J1^1*Q^4+-0.0000099109*Q^5+0,-0.0000528580*J1^2*Q^3+0.0000528580*J1^1*Q^4+-0.0000099109*Q^5+0,0.0000203451*J1^2*Q^3+-0.0000305176*J1^1*Q^4+0.0000114441*Q^5+0,0,0.0000203451*J1^2*Q^3+-0.0000305176*J1^1*Q^4+0.0000114441*Q^5+0,0.0000610352*J1^2*Q^3+-0.0000610352*J1^1*Q^4+0.0000114441*Q^5+0,-0.0000234924*J1^2*Q^3+0.0000352387*J1^1*Q^4+-0.0000132145*Q^5+0,0,-0.0000305176*J1^2*Q^3+0.0000457764*J1^1*Q^4+-0.0000171661*Q^5+0,-0.0000915527*J1^2*Q^3+0.0000915527*J1^1*Q^4+-0.0000171661*Q^5+0,0.0000352387*J1^2*Q^3+-0.0000528580*J1^1*Q^4+0.0000198217*Q^5+0,0,0.0000352387*J1^2*Q^3+-0.0000528580*J1^1*Q^4+0.0000198217*Q^5+0,0.0001057160*J1^2*Q^3+-0.0001057160*J1^1*Q^4+0.0000198217*Q^5+0,-0.0000406901*J1^2*Q^3+0.0000610352*J1^1*Q^4+-0.0000228882*Q^5+0,0,0.0000203451*J1^2*Q^3+-0.0000305176*J1^1*Q^4+0.0000114441*Q^5+0,0.0000610352*J1^2*Q^3+-0.0000610352*J1^1*Q^4+0.0000114441*Q^5+0,-0.0000234924*J1^2*Q^3+0.0000352387*J1^1*Q^4+-0.0000132145*Q^5+0,0,-0.0000234924*J1^2*Q^3+0.0000352387*J1^1*Q^4+-0.0000132145*Q^5+0,-0.0000704773*J1^2*Q^3+0.0000704773*J1^1*Q^4+-0.0000132145*Q^5+0,0.0000271267*J1^2*Q^3+-0.0000406901*J1^1*Q^4+0.0000152588*Q^5+0,0,0.0000352387*J1^2*Q^3+-0.0000528580*J1^1*Q^4+0.0000198217*Q^5+0,0.0001057160*J1^2*Q^3+-0.0001057160*J1^1*Q^4+0.0000198217*Q^5+0,-0.0000406901*J1^2*Q^3+0.0000610352*J1^1*Q^4+-0.0000228882*Q^5+0,0,-0.0000406901*J1^2*Q^3+0.0000610352*J1^1*Q^4+-0.0000228882*Q^5+0,-0.0001220703*J1^2*Q^3+0.0001220703*J1^1*Q^4+-0.0000228882*Q^5+0,0.0000469849*J1^2*Q^3+-0.0000704773*J1^1*Q^4+0.0000264290*Q^5+0},
{-0.0000152588*J1^2*Q^3+0.0000228882*J1^1*Q^4+-0.0000085831*Q^5+0,0.0000176193*J1^2*Q^3+-0.0000264290*J1^1*Q^4+0.0000099109*Q^5+0,0.0000176193*J1^2*Q^3+-0.0000264290*J1^1*Q^4+0.0000099109*Q^5+0,-0.0000661214*J1^2*Q^3+0.0000762939*J1^1*Q^4+-0.0000200272*Q^5+0,0.0000176193*J1^2*Q^3+-0.0000264290*J1^1*Q^4+0.0000099109*Q^5+0,-0.0000203451*J1^2*Q^3+0.0000305176*J1^1*Q^4+-0.0000114441*Q^5+0,-0.0000203451*J1^2*Q^3+0.0000305176*J1^1*Q^4+-0.0000114441*Q^5+0,0.0000763504*J1^2*Q^3+-0.0000880967*J1^1*Q^4+0.0000231254*Q^5+0,-0.0000264290*J1^2*Q^3+0.0000396435*J1^1*Q^4+-0.0000148663*Q^5+0,0.0000305176*J1^2*Q^3+-0.0000457764*J1^1*Q^4+0.0000171661*Q^5+0,0.0000305176*J1^2*Q^3+-0.0000457764*J1^1*Q^4+0.0000171661*Q^5+0,-0.0001145257*J1^2*Q^3+0.0001321450*J1^1*Q^4+-0.0000346881*Q^5+0,0.0000305176*J1^2*Q^3+-0.0000457764*J1^1*Q^4+0.0000171661*Q^5+0,-0.0000352387*J1^2*Q^3+0.0000528580*J1^1*Q^4+-0.0000198217*Q^5+0,-0.0000352387*J1^2*Q^3+0.0000528580*J1^1*Q^4+-0.0000198217*Q^5+0,0.0001322428*J1^2*Q^3+-0.0001525879*J1^1*Q^4+0.0000400543*Q^5+0,0.0000176193*J1^2*Q^3+-0.0000264290*J1^1*Q^4+0.0000099109*Q^5+0,-0.0000203451*J1^2*Q^3+0.0000305176*J1^1*Q^4+-0.0000114441*Q^5+0,-0.0000203451*J1^2*Q^3+0.0000305176*J1^1*Q^4+-0.0000114441*Q^5+0,0.0000763504*J1^2*Q^3+-0.0000880967*J1^1*Q^4+0.0000231254*Q^5+0,-0.0000203451*J1^2*Q^3+0.0000305176*J1^1*Q^4+-0.0000114441*Q^5+0,0.0000234924*J1^2*Q^3+-0.0000352387*J1^1*Q^4+0.0000132145*Q^5+0,0.0000234924*J1^2*Q^3+-0.0000352387*J1^1*Q^4+0.0000132145*Q^5+0,-0.0000881619*J1^2*Q^3+0.0001017253*J1^1*Q^4+-0.0000267029*Q^5+0,0.0000305176*J1^2*Q^3+-0.0000457764*J1^1*Q^4+0.0000171661*Q^5+0,-0.0000352387*J1^2*Q^3+0.0000528580*J1^1*Q^4+-0.0000198217*Q^5+0,-0.0000352387*J1^2*Q^3+0.0000528580*J1^1*Q^4+-0.0000198217*Q^5+0,0.0001322428*J1^2*Q^3+-0.0001525879*J1^1*Q^4+0.0000400543*Q^5+0,-0.0000352387*J1^2*Q^3+0.0000528580*J1^1*Q^4+-0.0000198217*Q^5+0,0.0000406901*J1^2*Q^3+-0.0000610352*J1^1*Q^4+0.0000228882*Q^5+0,0.0000406901*J1^2*Q^3+-0.0000610352*J1^1*Q^4+0.0000228882*Q^5+0,-0.0001527009*J1^2*Q^3+0.0001761933*J1^1*Q^4+-0.0000462507*Q^5+0,-0.0000176193*J1^2*Q^3+0.0000264290*J1^1*Q^4+-0.0000099109*Q^5+0,0.0000203451*J1^2*Q^3+-0.0000305176*J1^1*Q^4+0.0000114441*Q^5+0,0.0000203451*J1^2*Q^3+-0.0000305176*J1^1*Q^4+0.0000114441*Q^5+0,-0.0000763504*J1^2*Q^3+0.0000880967*J1^1*Q^4+-0.0000231254*Q^5+0,0.0000203451*J1^2*Q^3+-0.0000305176*J1^1*Q^4+0.0000114441*Q^5+0,-0.0000234924*J1^2*Q^3+0.0000352387*J1^1*Q^4+-0.0000132145*Q^5+0,-0.0000234924*J1^2*Q^3+0.0000352387*J1^1*Q^4+-0.0000132145*Q^5+0,0.0000881619*J1^2*Q^3+-0.0001017253*J1^1*Q^4+0.0000267029*Q^5+0,-0.0000305176*J1^2*Q^3+0.0000457764*J1^1*Q^4+-0.0000171661*Q^5+0,0.0000352387*J1^2*Q^3+-0.0000528580*J1^1*Q^4+0.0000198217*Q^5+0,0.0000352387*J1^2*Q^3+-0.0000528580*J1^1*Q^4+0.0000198217*Q^5+0,-0.0001322428*J1^2*Q^3+0.0001525879*J1^1*Q^4+-0.0000400543*Q^5+0,0.0000352387*J1^2*Q^3+-0.0000528580*J1^1*Q^4+0.0000198217*Q^5+0,-0.0000406901*J1^2*Q^3+0.0000610352*J1^1*Q^4+-0.0000228882*Q^5+0,-0.0000406901*J1^2*Q^3+0.0000610352*J1^1*Q^4+-0.0000228882*Q^5+0,0.0001527009*J1^2*Q^3+-0.0001761933*J1^1*Q^4+0.0000462507*Q^5+0,0.0000203451*J1^2*Q^3+-0.0000305176*J1^1*Q^4+0.0000114441*Q^5+0,-0.0000234924*J1^2*Q^3+0.0000352387*J1^1*Q^4+-0.0000132145*Q^5+0,-0.0000234924*J1^2*Q^3+0.0000352387*J1^1*Q^4+-0.0000132145*Q^5+0,0.0000881619*J1^2*Q^3+-0.0001017253*J1^1*Q^4+0.0000267029*Q^5+0,-0.0000234924*J1^2*Q^3+0.0000352387*J1^1*Q^4+-0.0000132145*Q^5+0,0.0000271267*J1^2*Q^3+-0.0000406901*J1^1*Q^4+0.0000152588*Q^5+0,0.0000271267*J1^2*Q^3+-0.0000406901*J1^1*Q^4+0.0000152588*Q^5+0,-0.0001018006*J1^2*Q^3+0.0001174622*J1^1*Q^4+-0.0000308338*Q^5+0,0.0000352387*J1^2*Q^3+-0.0000528580*J1^1*Q^4+0.0000198217*Q^5+0,-0.0000406901*J1^2*Q^3+0.0000610352*J1^1*Q^4+-0.0000228882*Q^5+0,-0.0000406901*J1^2*Q^3+0.0000610352*J1^1*Q^4+-0.0000228882*Q^5+0,0.0001527009*J1^2*Q^3+-0.0001761933*J1^1*Q^4+0.0000462507*Q^5+0,-0.0000406901*J1^2*Q^3+0.0000610352*J1^1*Q^4+-0.0000228882*Q^5+0,0.0000469849*J1^2*Q^3+-0.0000704773*J1^1*Q^4+0.0000264290*Q^5+0,0.0000469849*J1^2*Q^3+-0.0000704773*J1^1*Q^4+0.0000264290*Q^5+0,-0.0001763238*J1^2*Q^3+0.0002034505*J1^1*Q^4+-0.0000534058*Q^5+0}
}