16
{{0.0186767578*Q^3+0.0468750000*Q^2*(-J1)^1+0,0,0,0,0,0,0,0,0,0,0,0,0,0,0,0},
{0,0.0186767578*Q^3+0.0312500000*Q^2*(-J1)^1+0,0,0,0,0,0,0,0,0,0,0,0,0,0,0},
{0,0,0.0186767578*Q^3+0.0312500000*Q^2*(-J1)^1+0,0,0,0,0,0,0,0,0,0,0,0,0,0},
{0,0,0,0.0186767578*Q^3+0.0156250000*Q^2*(-J1)^1+0,0,0,0,0,0,0,0,0,0,0,0,0},
{0,0,0,0,0.0186767578*Q^3+0.0312500000*Q^2*(-J1)^1+0,0,0,0,0,0,0,0,0,0,0,0},
{0,0,0,0,0,0.0186767578*Q^3+0.0156250000*Q^2*(-J1)^1+0,0,0,0,0,0,0,0,0,0,0},
{0,0,0,0,0,0,0.0186767578*Q^3+0.0156250000*Q^2*(-J1)^1+0,0,0,0,0,0,0,0,0,0},
{0,0,0,0,0,0,0,0.0186767578*Q^3+0,0,0,0,0,0,0,0,0},
{0,0,0,0,0,0,0,0,0.0186767578*Q^3+0.0312500000*Q^2*(-J1)^1+0,0,0,0,0,0,0,0},
{0,0,0,0,0,0,0,0,0,0.0186767578*Q^3+0.0156250000*Q^2*(-J1)^1+0,0,0,0,0,0,0},
{0,0,0,0,0,0,0,0,0,0,0.0186767578*Q^3+0.0156250000*Q^2*(-J1)^1+0,0,0,0,0,0},
{0,0,0,0,0,0,0,0,0,0,0,0.0186767578*Q^3+0,0,0,0,0},
{0,0,0,0,0,0,0,0,0,0,0,0,0.0186767578*Q^3+0.0156250000*Q^2*(-J1)^1+0,0,0,0},
{0,0,0,0,0,0,0,0,0,0,0,0,0,0.0186767578*Q^3+0,0,0},
{0,0,0,0,0,0,0,0,0,0,0,0,0,0,0.0186767578*Q^3+0,0},
{0,0,0,0,0,0,0,0,0,0,0,0,0,0,0,0.0186767578*Q^3+-0.0156250000*Q^2*(-J1)^1+0}
}