64
{{0,0,0,0,0,0,0,0,0,0,0,0,0,0,0,0,-0.0000028849*Q^5+0,0,0,0,0,0,0,0,-0.0001170192*J1^2*Q^3+0.0000585096*J1^1*Q^4+-0.0000159276*Q^5+0,0,0,0,0,0,0,0,0.0000028849*Q^5+0,0,0,0,0,0,0,0,-0.0001170192*J1^2*Q^3+0.0000585096*J1^1*Q^4+-0.0000159276*Q^5+0,0,0,0,0,0,0,0,0.0000827459*J1^2*Q^3+-0.0000169890*J1^1*Q^4+-0.0000292514*Q^5+0,0,0,0,0,0,0,0,-0.0000082591*Q^5+0,0,0,0,0,0,0,0},
{0,0,0,0,0,0,0,0,0,0,0,0,0,0,0,0,0,-0.0000028849*Q^5+0,0,0,0,0,0,0,0,-0.0001170192*J1^2*Q^3+0.0000585096*J1^1*Q^4+-0.0000159276*Q^5+0,0,0,0,0,0,0,0,0.0000028849*Q^5+0,0,0,0,0,0,0,0,-0.0001170192*J1^2*Q^3+0.0000585096*J1^1*Q^4+-0.0000159276*Q^5+0,0,0,0,0,0,0,0,0.0000827459*J1^2*Q^3+-0.0000169890*J1^1*Q^4+-0.0000292514*Q^5+0,0,0,0,0,0,0,0,-0.0000082591*Q^5+0,0,0,0,0,0,0},
{0,0,0,0,0,0,0,0,0,0,0,0,0,0,0,0,0,0,-0.0000028849*Q^5+0,0,0,0,0,0,0,0,-0.0001170192*J1^2*Q^3+0.0000585096*J1^1*Q^4+-0.0000159276*Q^5+0,0,0,0,0,0,0,0,0.0000028849*Q^5+0,0,0,0,0,0,0,0,-0.0001170192*J1^2*Q^3+0.0000585096*J1^1*Q^4+-0.0000159276*Q^5+0,0,0,0,0,0,0,0,0.0000827459*J1^2*Q^3+-0.0000169890*J1^1*Q^4+-0.0000292514*Q^5+0,0,0,0,0,0,0,0,-0.0000082591*Q^5+0,0,0,0,0,0},
{0,0,0,0,0,0,0,0,0,0,0,0,0,0,0,0,0,0,0,-0.0000028849*Q^5+0,0,0,0,0,0,0,0,-0.0001170192*J1^2*Q^3+0.0000585096*J1^1*Q^4+-0.0000159276*Q^5+0,0,0,0,0,0,0,0,0.0000028849*Q^5+0,0,0,0,0,0,0,0,-0.0001170192*J1^2*Q^3+0.0000585096*J1^1*Q^4+-0.0000159276*Q^5+0,0,0,0,0,0,0,0,0.0000827459*J1^2*Q^3+-0.0000169890*J1^1*Q^4+-0.0000292514*Q^5+0,0,0,0,0,0,0,0,-0.0000082591*Q^5+0,0,0,0,0},
{0,0,0,0,0,0,0,0,0,0,0,0,0,0,0,0,0,0,0,0,-0.0000028849*Q^5+0,0,0,0,0,0,0,0,-0.0001170192*J1^2*Q^3+0.0000585096*J1^1*Q^4+-0.0000159276*Q^5+0,0,0,0,0,0,0,0,0.0000028849*Q^5+0,0,0,0,0,0,0,0,-0.0001170192*J1^2*Q^3+0.0000585096*J1^1*Q^4+-0.0000159276*Q^5+0,0,0,0,0,0,0,0,0.0000827459*J1^2*Q^3+-0.0000169890*J1^1*Q^4+-0.0000292514*Q^5+0,0,0,0,0,0,0,0,-0.0000082591*Q^5+0,0,0,0},
{0,0,0,0,0,0,0,0,0,0,0,0,0,0,0,0,0,0,0,0,0,-0.0000028849*Q^5+0,0,0,0,0,0,0,0,-0.0001170192*J1^2*Q^3+0.0000585096*J1^1*Q^4+-0.0000159276*Q^5+0,0,0,0,0,0,0,0,0.0000028849*Q^5+0,0,0,0,0,0,0,0,-0.0001170192*J1^2*Q^3+0.0000585096*J1^1*Q^4+-0.0000159276*Q^5+0,0,0,0,0,0,0,0,0.0000827459*J1^2*Q^3+-0.0000169890*J1^1*Q^4+-0.0000292514*Q^5+0,0,0,0,0,0,0,0,-0.0000082591*Q^5+0,0,0},
{0,0,0,0,0,0,0,0,0,0,0,0,0,0,0,0,0,0,0,0,0,0,-0.0000028849*Q^5+0,0,0,0,0,0,0,0,-0.0001170192*J1^2*Q^3+0.0000585096*J1^1*Q^4+-0.0000159276*Q^5+0,0,0,0,0,0,0,0,0.0000028849*Q^5+0,0,0,0,0,0,0,0,-0.0001170192*J1^2*Q^3+0.0000585096*J1^1*Q^4+-0.0000159276*Q^5+0,0,0,0,0,0,0,0,0.0000827459*J1^2*Q^3+-0.0000169890*J1^1*Q^4+-0.0000292514*Q^5+0,0,0,0,0,0,0,0,-0.0000082591*Q^5+0,0},
{0,0,0,0,0,0,0,0,0,0,0,0,0,0,0,0,0,0,0,0,0,0,0,-0.0000028849*Q^5+0,0,0,0,0,0,0,0,-0.0001170192*J1^2*Q^3+0.0000585096*J1^1*Q^4+-0.0000159276*Q^5+0,0,0,0,0,0,0,0,0.0000028849*Q^5+0,0,0,0,0,0,0,0,-0.0001170192*J1^2*Q^3+0.0000585096*J1^1*Q^4+-0.0000159276*Q^5+0,0,0,0,0,0,0,0,0.0000827459*J1^2*Q^3+-0.0000169890*J1^1*Q^4+-0.0000292514*Q^5+0,0,0,0,0,0,0,0,-0.0000082591*Q^5+0},
{0,0,0,0,0,0,0,0,0,0,0,0,0,0,0,0,-0.0000080427*J1^2*Q^3+0.0000040213*J1^1*Q^4+-0.0000060308*Q^5+0,0,0,0,0,0,0,0,-0.0000233422*J1^2*Q^3+0.0000116711*J1^1*Q^4+0.0000016960*Q^5+0,0,0,0,0,0,0,0,-0.0000080427*J1^2*Q^3+0.0000040213*J1^1*Q^4+-0.0000060308*Q^5+0,0,0,0,0,0,0,0,0.0000233422*J1^2*Q^3+-0.0000116711*J1^1*Q^4+-0.0000016960*Q^5+0,0,0,0,0,0,0,0,-0.0000082591*Q^5+0,0,0,0,0,0,0,0,-0.0000827459*J1^2*Q^3+0.0001690041*J1^1*Q^4+-0.0000107487*Q^5+0,0,0,0,0,0,0,0},
{0,0,0,0,0,0,0,0,0,0,0,0,0,0,0,0,0,-0.0000080427*J1^2*Q^3+0.0000040213*J1^1*Q^4+-0.0000060308*Q^5+0,0,0,0,0,0,0,0,-0.0000233422*J1^2*Q^3+0.0000116711*J1^1*Q^4+0.0000016960*Q^5+0,0,0,0,0,0,0,0,-0.0000080427*J1^2*Q^3+0.0000040213*J1^1*Q^4+-0.0000060308*Q^5+0,0,0,0,0,0,0,0,0.0000233422*J1^2*Q^3+-0.0000116711*J1^1*Q^4+-0.0000016960*Q^5+0,0,0,0,0,0,0,0,-0.0000082591*Q^5+0,0,0,0,0,0,0,0,-0.0000827459*J1^2*Q^3+0.0001690041*J1^1*Q^4+-0.0000107487*Q^5+0,0,0,0,0,0,0},
{0,0,0,0,0,0,0,0,0,0,0,0,0,0,0,0,0,0,-0.0000080427*J1^2*Q^3+0.0000040213*J1^1*Q^4+-0.0000060308*Q^5+0,0,0,0,0,0,0,0,-0.0000233422*J1^2*Q^3+0.0000116711*J1^1*Q^4+0.0000016960*Q^5+0,0,0,0,0,0,0,0,-0.0000080427*J1^2*Q^3+0.0000040213*J1^1*Q^4+-0.0000060308*Q^5+0,0,0,0,0,0,0,0,0.0000233422*J1^2*Q^3+-0.0000116711*J1^1*Q^4+-0.0000016960*Q^5+0,0,0,0,0,0,0,0,-0.0000082591*Q^5+0,0,0,0,0,0,0,0,-0.0000827459*J1^2*Q^3+0.0001690041*J1^1*Q^4+-0.0000107487*Q^5+0,0,0,0,0,0},
{0,0,0,0,0,0,0,0,0,0,0,0,0,0,0,0,0,0,0,-0.0000080427*J1^2*Q^3+0.0000040213*J1^1*Q^4+-0.0000060308*Q^5+0,0,0,0,0,0,0,0,-0.0000233422*J1^2*Q^3+0.0000116711*J1^1*Q^4+0.0000016960*Q^5+0,0,0,0,0,0,0,0,-0.0000080427*J1^2*Q^3+0.0000040213*J1^1*Q^4+-0.0000060308*Q^5+0,0,0,0,0,0,0,0,0.0000233422*J1^2*Q^3+-0.0000116711*J1^1*Q^4+-0.0000016960*Q^5+0,0,0,0,0,0,0,0,-0.0000082591*Q^5+0,0,0,0,0,0,0,0,-0.0000827459*J1^2*Q^3+0.0001690041*J1^1*Q^4+-0.0000107487*Q^5+0,0,0,0,0},
{0,0,0,0,0,0,0,0,0,0,0,0,0,0,0,0,0,0,0,0,-0.0000080427*J1^2*Q^3+0.0000040213*J1^1*Q^4+-0.0000060308*Q^5+0,0,0,0,0,0,0,0,-0.0000233422*J1^2*Q^3+0.0000116711*J1^1*Q^4+0.0000016960*Q^5+0,0,0,0,0,0,0,0,-0.0000080427*J1^2*Q^3+0.0000040213*J1^1*Q^4+-0.0000060308*Q^5+0,0,0,0,0,0,0,0,0.0000233422*J1^2*Q^3+-0.0000116711*J1^1*Q^4+-0.0000016960*Q^5+0,0,0,0,0,0,0,0,-0.0000082591*Q^5+0,0,0,0,0,0,0,0,-0.0000827459*J1^2*Q^3+0.0001690041*J1^1*Q^4+-0.0000107487*Q^5+0,0,0,0},
{0,0,0,0,0,0,0,0,0,0,0,0,0,0,0,0,0,0,0,0,0,-0.0000080427*J1^2*Q^3+0.0000040213*J1^1*Q^4+-0.0000060308*Q^5+0,0,0,0,0,0,0,0,-0.0000233422*J1^2*Q^3+0.0000116711*J1^1*Q^4+0.0000016960*Q^5+0,0,0,0,0,0,0,0,-0.0000080427*J1^2*Q^3+0.0000040213*J1^1*Q^4+-0.0000060308*Q^5+0,0,0,0,0,0,0,0,0.0000233422*J1^2*Q^3+-0.0000116711*J1^1*Q^4+-0.0000016960*Q^5+0,0,0,0,0,0,0,0,-0.0000082591*Q^5+0,0,0,0,0,0,0,0,-0.0000827459*J1^2*Q^3+0.0001690041*J1^1*Q^4+-0.0000107487*Q^5+0,0,0},
{0,0,0,0,0,0,0,0,0,0,0,0,0,0,0,0,0,0,0,0,0,0,-0.0000080427*J1^2*Q^3+0.0000040213*J1^1*Q^4+-0.0000060308*Q^5+0,0,0,0,0,0,0,0,-0.0000233422*J1^2*Q^3+0.0000116711*J1^1*Q^4+0.0000016960*Q^5+0,0,0,0,0,0,0,0,-0.0000080427*J1^2*Q^3+0.0000040213*J1^1*Q^4+-0.0000060308*Q^5+0,0,0,0,0,0,0,0,0.0000233422*J1^2*Q^3+-0.0000116711*J1^1*Q^4+-0.0000016960*Q^5+0,0,0,0,0,0,0,0,-0.0000082591*Q^5+0,0,0,0,0,0,0,0,-0.0000827459*J1^2*Q^3+0.0001690041*J1^1*Q^4+-0.0000107487*Q^5+0,0},
{0,0,0,0,0,0,0,0,0,0,0,0,0,0,0,0,0,0,0,0,0,0,0,-0.0000080427*J1^2*Q^3+0.0000040213*J1^1*Q^4+-0.0000060308*Q^5+0,0,0,0,0,0,0,0,-0.0000233422*J1^2*Q^3+0.0000116711*J1^1*Q^4+0.0000016960*Q^5+0,0,0,0,0,0,0,0,-0.0000080427*J1^2*Q^3+0.0000040213*J1^1*Q^4+-0.0000060308*Q^5+0,0,0,0,0,0,0,0,0.0000233422*J1^2*Q^3+-0.0000116711*J1^1*Q^4+-0.0000016960*Q^5+0,0,0,0,0,0,0,0,-0.0000082591*Q^5+0,0,0,0,0,0,0,0,-0.0000827459*J1^2*Q^3+0.0001690041*J1^1*Q^4+-0.0000107487*Q^5+0},
{-0.0000028849*Q^5+0,0,0,0,0,0,0,0,-0.0001170192*J1^2*Q^3+0.0000585096*J1^1*Q^4+-0.0000159276*Q^5+0,0,0,0,0,0,0,0,0.0000033312*Q^5+0,0,0,0,0,0,0,0,0.0001351221*J1^2*Q^3+-0.0000675610*J1^1*Q^4+0.0000183916*Q^5+0,0,0,0,0,0,0,0,0.0000827459*J1^2*Q^3+-0.0000169890*J1^1*Q^4+-0.0000292514*Q^5+0,0,0,0,0,0,0,0,-0.0000082591*Q^5+0,0,0,0,0,0,0,0,-0.0000955467*J1^2*Q^3+0.0000196172*J1^1*Q^4+0.0000366615*Q^5+0,0,0,0,0,0,0,0,-0.0001170192*J1^2*Q^3+0.0000585096*J1^1*Q^4+-0.0000063909*Q^5+0,0,0,0,0,0,0,0},
{0,-0.0000028849*Q^5+0,0,0,0,0,0,0,0,-0.0001170192*J1^2*Q^3+0.0000585096*J1^1*Q^4+-0.0000159276*Q^5+0,0,0,0,0,0,0,0,0.0000033312*Q^5+0,0,0,0,0,0,0,0,0.0001351221*J1^2*Q^3+-0.0000675610*J1^1*Q^4+0.0000183916*Q^5+0,0,0,0,0,0,0,0,0.0000827459*J1^2*Q^3+-0.0000169890*J1^1*Q^4+-0.0000292514*Q^5+0,0,0,0,0,0,0,0,-0.0000082591*Q^5+0,0,0,0,0,0,0,0,-0.0000955467*J1^2*Q^3+0.0000196172*J1^1*Q^4+0.0000366615*Q^5+0,0,0,0,0,0,0,0,-0.0001170192*J1^2*Q^3+0.0000585096*J1^1*Q^4+-0.0000063909*Q^5+0,0,0,0,0,0,0},
{0,0,-0.0000028849*Q^5+0,0,0,0,0,0,0,0,-0.0001170192*J1^2*Q^3+0.0000585096*J1^1*Q^4+-0.0000159276*Q^5+0,0,0,0,0,0,0,0,0.0000033312*Q^5+0,0,0,0,0,0,0,0,0.0001351221*J1^2*Q^3+-0.0000675610*J1^1*Q^4+0.0000183916*Q^5+0,0,0,0,0,0,0,0,0.0000827459*J1^2*Q^3+-0.0000169890*J1^1*Q^4+-0.0000292514*Q^5+0,0,0,0,0,0,0,0,-0.0000082591*Q^5+0,0,0,0,0,0,0,0,-0.0000955467*J1^2*Q^3+0.0000196172*J1^1*Q^4+0.0000366615*Q^5+0,0,0,0,0,0,0,0,-0.0001170192*J1^2*Q^3+0.0000585096*J1^1*Q^4+-0.0000063909*Q^5+0,0,0,0,0,0},
{0,0,0,-0.0000028849*Q^5+0,0,0,0,0,0,0,0,-0.0001170192*J1^2*Q^3+0.0000585096*J1^1*Q^4+-0.0000159276*Q^5+0,0,0,0,0,0,0,0,0.0000033312*Q^5+0,0,0,0,0,0,0,0,0.0001351221*J1^2*Q^3+-0.0000675610*J1^1*Q^4+0.0000183916*Q^5+0,0,0,0,0,0,0,0,0.0000827459*J1^2*Q^3+-0.0000169890*J1^1*Q^4+-0.0000292514*Q^5+0,0,0,0,0,0,0,0,-0.0000082591*Q^5+0,0,0,0,0,0,0,0,-0.0000955467*J1^2*Q^3+0.0000196172*J1^1*Q^4+0.0000366615*Q^5+0,0,0,0,0,0,0,0,-0.0001170192*J1^2*Q^3+0.0000585096*J1^1*Q^4+-0.0000063909*Q^5+0,0,0,0,0},
{0,0,0,0,-0.0000028849*Q^5+0,0,0,0,0,0,0,0,-0.0001170192*J1^2*Q^3+0.0000585096*J1^1*Q^4+-0.0000159276*Q^5+0,0,0,0,0,0,0,0,0.0000033312*Q^5+0,0,0,0,0,0,0,0,0.0001351221*J1^2*Q^3+-0.0000675610*J1^1*Q^4+0.0000183916*Q^5+0,0,0,0,0,0,0,0,0.0000827459*J1^2*Q^3+-0.0000169890*J1^1*Q^4+-0.0000292514*Q^5+0,0,0,0,0,0,0,0,-0.0000082591*Q^5+0,0,0,0,0,0,0,0,-0.0000955467*J1^2*Q^3+0.0000196172*J1^1*Q^4+0.0000366615*Q^5+0,0,0,0,0,0,0,0,-0.0001170192*J1^2*Q^3+0.0000585096*J1^1*Q^4+-0.0000063909*Q^5+0,0,0,0},
{0,0,0,0,0,-0.0000028849*Q^5+0,0,0,0,0,0,0,0,-0.0001170192*J1^2*Q^3+0.0000585096*J1^1*Q^4+-0.0000159276*Q^5+0,0,0,0,0,0,0,0,0.0000033312*Q^5+0,0,0,0,0,0,0,0,0.0001351221*J1^2*Q^3+-0.0000675610*J1^1*Q^4+0.0000183916*Q^5+0,0,0,0,0,0,0,0,0.0000827459*J1^2*Q^3+-0.0000169890*J1^1*Q^4+-0.0000292514*Q^5+0,0,0,0,0,0,0,0,-0.0000082591*Q^5+0,0,0,0,0,0,0,0,-0.0000955467*J1^2*Q^3+0.0000196172*J1^1*Q^4+0.0000366615*Q^5+0,0,0,0,0,0,0,0,-0.0001170192*J1^2*Q^3+0.0000585096*J1^1*Q^4+-0.0000063909*Q^5+0,0,0},
{0,0,0,0,0,0,-0.0000028849*Q^5+0,0,0,0,0,0,0,0,-0.0001170192*J1^2*Q^3+0.0000585096*J1^1*Q^4+-0.0000159276*Q^5+0,0,0,0,0,0,0,0,0.0000033312*Q^5+0,0,0,0,0,0,0,0,0.0001351221*J1^2*Q^3+-0.0000675610*J1^1*Q^4+0.0000183916*Q^5+0,0,0,0,0,0,0,0,0.0000827459*J1^2*Q^3+-0.0000169890*J1^1*Q^4+-0.0000292514*Q^5+0,0,0,0,0,0,0,0,-0.0000082591*Q^5+0,0,0,0,0,0,0,0,-0.0000955467*J1^2*Q^3+0.0000196172*J1^1*Q^4+0.0000366615*Q^5+0,0,0,0,0,0,0,0,-0.0001170192*J1^2*Q^3+0.0000585096*J1^1*Q^4+-0.0000063909*Q^5+0,0},
{0,0,0,0,0,0,0,-0.0000028849*Q^5+0,0,0,0,0,0,0,0,-0.0001170192*J1^2*Q^3+0.0000585096*J1^1*Q^4+-0.0000159276*Q^5+0,0,0,0,0,0,0,0,0.0000033312*Q^5+0,0,0,0,0,0,0,0,0.0001351221*J1^2*Q^3+-0.0000675610*J1^1*Q^4+0.0000183916*Q^5+0,0,0,0,0,0,0,0,0.0000827459*J1^2*Q^3+-0.0000169890*J1^1*Q^4+-0.0000292514*Q^5+0,0,0,0,0,0,0,0,-0.0000082591*Q^5+0,0,0,0,0,0,0,0,-0.0000955467*J1^2*Q^3+0.0000196172*J1^1*Q^4+0.0000366615*Q^5+0,0,0,0,0,0,0,0,-0.0001170192*J1^2*Q^3+0.0000585096*J1^1*Q^4+-0.0000063909*Q^5+0},
{-0.0000080427*J1^2*Q^3+0.0000040213*J1^1*Q^4+-0.0000060308*Q^5+0,0,0,0,0,0,0,0,-0.0000233422*J1^2*Q^3+0.0000116711*J1^1*Q^4+0.0000016960*Q^5+0,0,0,0,0,0,0,0,0.0000092869*J1^2*Q^3+-0.0000046435*J1^1*Q^4+0.0000069638*Q^5+0,0,0,0,0,0,0,0,0.0000269533*J1^2*Q^3+-0.0000134766*J1^1*Q^4+-0.0000019583*Q^5+0,0,0,0,0,0,0,0,-0.0000082591*Q^5+0,0,0,0,0,0,0,0,-0.0000827459*J1^2*Q^3+0.0001690041*J1^1*Q^4+-0.0000107487*Q^5+0,0,0,0,0,0,0,0,-0.0000080427*J1^2*Q^3+0.0000040213*J1^1*Q^4+0.0000035060*Q^5+0,0,0,0,0,0,0,0,0.0001188889*J1^2*Q^3+-0.0002068203*J1^1*Q^4+0.0000107155*Q^5+0,0,0,0,0,0,0,0},
{0,-0.0000080427*J1^2*Q^3+0.0000040213*J1^1*Q^4+-0.0000060308*Q^5+0,0,0,0,0,0,0,0,-0.0000233422*J1^2*Q^3+0.0000116711*J1^1*Q^4+0.0000016960*Q^5+0,0,0,0,0,0,0,0,0.0000092869*J1^2*Q^3+-0.0000046435*J1^1*Q^4+0.0000069638*Q^5+0,0,0,0,0,0,0,0,0.0000269533*J1^2*Q^3+-0.0000134766*J1^1*Q^4+-0.0000019583*Q^5+0,0,0,0,0,0,0,0,-0.0000082591*Q^5+0,0,0,0,0,0,0,0,-0.0000827459*J1^2*Q^3+0.0001690041*J1^1*Q^4+-0.0000107487*Q^5+0,0,0,0,0,0,0,0,-0.0000080427*J1^2*Q^3+0.0000040213*J1^1*Q^4+0.0000035060*Q^5+0,0,0,0,0,0,0,0,0.0001188889*J1^2*Q^3+-0.0002068203*J1^1*Q^4+0.0000107155*Q^5+0,0,0,0,0,0,0},
{0,0,-0.0000080427*J1^2*Q^3+0.0000040213*J1^1*Q^4+-0.0000060308*Q^5+0,0,0,0,0,0,0,0,-0.0000233422*J1^2*Q^3+0.0000116711*J1^1*Q^4+0.0000016960*Q^5+0,0,0,0,0,0,0,0,0.0000092869*J1^2*Q^3+-0.0000046435*J1^1*Q^4+0.0000069638*Q^5+0,0,0,0,0,0,0,0,0.0000269533*J1^2*Q^3+-0.0000134766*J1^1*Q^4+-0.0000019583*Q^5+0,0,0,0,0,0,0,0,-0.0000082591*Q^5+0,0,0,0,0,0,0,0,-0.0000827459*J1^2*Q^3+0.0001690041*J1^1*Q^4+-0.0000107487*Q^5+0,0,0,0,0,0,0,0,-0.0000080427*J1^2*Q^3+0.0000040213*J1^1*Q^4+0.0000035060*Q^5+0,0,0,0,0,0,0,0,0.0001188889*J1^2*Q^3+-0.0002068203*J1^1*Q^4+0.0000107155*Q^5+0,0,0,0,0,0},
{0,0,0,-0.0000080427*J1^2*Q^3+0.0000040213*J1^1*Q^4+-0.0000060308*Q^5+0,0,0,0,0,0,0,0,-0.0000233422*J1^2*Q^3+0.0000116711*J1^1*Q^4+0.0000016960*Q^5+0,0,0,0,0,0,0,0,0.0000092869*J1^2*Q^3+-0.0000046435*J1^1*Q^4+0.0000069638*Q^5+0,0,0,0,0,0,0,0,0.0000269533*J1^2*Q^3+-0.0000134766*J1^1*Q^4+-0.0000019583*Q^5+0,0,0,0,0,0,0,0,-0.0000082591*Q^5+0,0,0,0,0,0,0,0,-0.0000827459*J1^2*Q^3+0.0001690041*J1^1*Q^4+-0.0000107487*Q^5+0,0,0,0,0,0,0,0,-0.0000080427*J1^2*Q^3+0.0000040213*J1^1*Q^4+0.0000035060*Q^5+0,0,0,0,0,0,0,0,0.0001188889*J1^2*Q^3+-0.0002068203*J1^1*Q^4+0.0000107155*Q^5+0,0,0,0,0},
{0,0,0,0,-0.0000080427*J1^2*Q^3+0.0000040213*J1^1*Q^4+-0.0000060308*Q^5+0,0,0,0,0,0,0,0,-0.0000233422*J1^2*Q^3+0.0000116711*J1^1*Q^4+0.0000016960*Q^5+0,0,0,0,0,0,0,0,0.0000092869*J1^2*Q^3+-0.0000046435*J1^1*Q^4+0.0000069638*Q^5+0,0,0,0,0,0,0,0,0.0000269533*J1^2*Q^3+-0.0000134766*J1^1*Q^4+-0.0000019583*Q^5+0,0,0,0,0,0,0,0,-0.0000082591*Q^5+0,0,0,0,0,0,0,0,-0.0000827459*J1^2*Q^3+0.0001690041*J1^1*Q^4+-0.0000107487*Q^5+0,0,0,0,0,0,0,0,-0.0000080427*J1^2*Q^3+0.0000040213*J1^1*Q^4+0.0000035060*Q^5+0,0,0,0,0,0,0,0,0.0001188889*J1^2*Q^3+-0.0002068203*J1^1*Q^4+0.0000107155*Q^5+0,0,0,0},
{0,0,0,0,0,-0.0000080427*J1^2*Q^3+0.0000040213*J1^1*Q^4+-0.0000060308*Q^5+0,0,0,0,0,0,0,0,-0.0000233422*J1^2*Q^3+0.0000116711*J1^1*Q^4+0.0000016960*Q^5+0,0,0,0,0,0,0,0,0.0000092869*J1^2*Q^3+-0.0000046435*J1^1*Q^4+0.0000069638*Q^5+0,0,0,0,0,0,0,0,0.0000269533*J1^2*Q^3+-0.0000134766*J1^1*Q^4+-0.0000019583*Q^5+0,0,0,0,0,0,0,0,-0.0000082591*Q^5+0,0,0,0,0,0,0,0,-0.0000827459*J1^2*Q^3+0.0001690041*J1^1*Q^4+-0.0000107487*Q^5+0,0,0,0,0,0,0,0,-0.0000080427*J1^2*Q^3+0.0000040213*J1^1*Q^4+0.0000035060*Q^5+0,0,0,0,0,0,0,0,0.0001188889*J1^2*Q^3+-0.0002068203*J1^1*Q^4+0.0000107155*Q^5+0,0,0},
{0,0,0,0,0,0,-0.0000080427*J1^2*Q^3+0.0000040213*J1^1*Q^4+-0.0000060308*Q^5+0,0,0,0,0,0,0,0,-0.0000233422*J1^2*Q^3+0.0000116711*J1^1*Q^4+0.0000016960*Q^5+0,0,0,0,0,0,0,0,0.0000092869*J1^2*Q^3+-0.0000046435*J1^1*Q^4+0.0000069638*Q^5+0,0,0,0,0,0,0,0,0.0000269533*J1^2*Q^3+-0.0000134766*J1^1*Q^4+-0.0000019583*Q^5+0,0,0,0,0,0,0,0,-0.0000082591*Q^5+0,0,0,0,0,0,0,0,-0.0000827459*J1^2*Q^3+0.0001690041*J1^1*Q^4+-0.0000107487*Q^5+0,0,0,0,0,0,0,0,-0.0000080427*J1^2*Q^3+0.0000040213*J1^1*Q^4+0.0000035060*Q^5+0,0,0,0,0,0,0,0,0.0001188889*J1^2*Q^3+-0.0002068203*J1^1*Q^4+0.0000107155*Q^5+0,0},
{0,0,0,0,0,0,0,-0.0000080427*J1^2*Q^3+0.0000040213*J1^1*Q^4+-0.0000060308*Q^5+0,0,0,0,0,0,0,0,-0.0000233422*J1^2*Q^3+0.0000116711*J1^1*Q^4+0.0000016960*Q^5+0,0,0,0,0,0,0,0,0.0000092869*J1^2*Q^3+-0.0000046435*J1^1*Q^4+0.0000069638*Q^5+0,0,0,0,0,0,0,0,0.0000269533*J1^2*Q^3+-0.0000134766*J1^1*Q^4+-0.0000019583*Q^5+0,0,0,0,0,0,0,0,-0.0000082591*Q^5+0,0,0,0,0,0,0,0,-0.0000827459*J1^2*Q^3+0.0001690041*J1^1*Q^4+-0.0000107487*Q^5+0,0,0,0,0,0,0,0,-0.0000080427*J1^2*Q^3+0.0000040213*J1^1*Q^4+0.0000035060*Q^5+0,0,0,0,0,0,0,0,0.0001188889*J1^2*Q^3+-0.0002068203*J1^1*Q^4+0.0000107155*Q^5+0},
{0.0000028849*Q^5+0,0,0,0,0,0,0,0,-0.0001170192*J1^2*Q^3+0.0000585096*J1^1*Q^4+-0.0000159276*Q^5+0,0,0,0,0,0,0,0,0.0000827459*J1^2*Q^3+-0.0000169890*J1^1*Q^4+-0.0000292514*Q^5+0,0,0,0,0,0,0,0,-0.0000082591*Q^5+0,0,0,0,0,0,0,0,0.0000033312*Q^5+0,0,0,0,0,0,0,0,-0.0001351221*J1^2*Q^3+0.0000675610*J1^1*Q^4+-0.0000183916*Q^5+0,0,0,0,0,0,0,0,0.0000955467*J1^2*Q^3+-0.0000196172*J1^1*Q^4+-0.0000366615*Q^5+0,0,0,0,0,0,0,0,-0.0001170192*J1^2*Q^3+0.0000585096*J1^1*Q^4+-0.0000254643*Q^5+0,0,0,0,0,0,0,0},
{0,0.0000028849*Q^5+0,0,0,0,0,0,0,0,-0.0001170192*J1^2*Q^3+0.0000585096*J1^1*Q^4+-0.0000159276*Q^5+0,0,0,0,0,0,0,0,0.0000827459*J1^2*Q^3+-0.0000169890*J1^1*Q^4+-0.0000292514*Q^5+0,0,0,0,0,0,0,0,-0.0000082591*Q^5+0,0,0,0,0,0,0,0,0.0000033312*Q^5+0,0,0,0,0,0,0,0,-0.0001351221*J1^2*Q^3+0.0000675610*J1^1*Q^4+-0.0000183916*Q^5+0,0,0,0,0,0,0,0,0.0000955467*J1^2*Q^3+-0.0000196172*J1^1*Q^4+-0.0000366615*Q^5+0,0,0,0,0,0,0,0,-0.0001170192*J1^2*Q^3+0.0000585096*J1^1*Q^4+-0.0000254643*Q^5+0,0,0,0,0,0,0},
{0,0,0.0000028849*Q^5+0,0,0,0,0,0,0,0,-0.0001170192*J1^2*Q^3+0.0000585096*J1^1*Q^4+-0.0000159276*Q^5+0,0,0,0,0,0,0,0,0.0000827459*J1^2*Q^3+-0.0000169890*J1^1*Q^4+-0.0000292514*Q^5+0,0,0,0,0,0,0,0,-0.0000082591*Q^5+0,0,0,0,0,0,0,0,0.0000033312*Q^5+0,0,0,0,0,0,0,0,-0.0001351221*J1^2*Q^3+0.0000675610*J1^1*Q^4+-0.0000183916*Q^5+0,0,0,0,0,0,0,0,0.0000955467*J1^2*Q^3+-0.0000196172*J1^1*Q^4+-0.0000366615*Q^5+0,0,0,0,0,0,0,0,-0.0001170192*J1^2*Q^3+0.0000585096*J1^1*Q^4+-0.0000254643*Q^5+0,0,0,0,0,0},
{0,0,0,0.0000028849*Q^5+0,0,0,0,0,0,0,0,-0.0001170192*J1^2*Q^3+0.0000585096*J1^1*Q^4+-0.0000159276*Q^5+0,0,0,0,0,0,0,0,0.0000827459*J1^2*Q^3+-0.0000169890*J1^1*Q^4+-0.0000292514*Q^5+0,0,0,0,0,0,0,0,-0.0000082591*Q^5+0,0,0,0,0,0,0,0,0.0000033312*Q^5+0,0,0,0,0,0,0,0,-0.0001351221*J1^2*Q^3+0.0000675610*J1^1*Q^4+-0.0000183916*Q^5+0,0,0,0,0,0,0,0,0.0000955467*J1^2*Q^3+-0.0000196172*J1^1*Q^4+-0.0000366615*Q^5+0,0,0,0,0,0,0,0,-0.0001170192*J1^2*Q^3+0.0000585096*J1^1*Q^4+-0.0000254643*Q^5+0,0,0,0,0},
{0,0,0,0,0.0000028849*Q^5+0,0,0,0,0,0,0,0,-0.0001170192*J1^2*Q^3+0.0000585096*J1^1*Q^4+-0.0000159276*Q^5+0,0,0,0,0,0,0,0,0.0000827459*J1^2*Q^3+-0.0000169890*J1^1*Q^4+-0.0000292514*Q^5+0,0,0,0,0,0,0,0,-0.0000082591*Q^5+0,0,0,0,0,0,0,0,0.0000033312*Q^5+0,0,0,0,0,0,0,0,-0.0001351221*J1^2*Q^3+0.0000675610*J1^1*Q^4+-0.0000183916*Q^5+0,0,0,0,0,0,0,0,0.0000955467*J1^2*Q^3+-0.0000196172*J1^1*Q^4+-0.0000366615*Q^5+0,0,0,0,0,0,0,0,-0.0001170192*J1^2*Q^3+0.0000585096*J1^1*Q^4+-0.0000254643*Q^5+0,0,0,0},
{0,0,0,0,0,0.0000028849*Q^5+0,0,0,0,0,0,0,0,-0.0001170192*J1^2*Q^3+0.0000585096*J1^1*Q^4+-0.0000159276*Q^5+0,0,0,0,0,0,0,0,0.0000827459*J1^2*Q^3+-0.0000169890*J1^1*Q^4+-0.0000292514*Q^5+0,0,0,0,0,0,0,0,-0.0000082591*Q^5+0,0,0,0,0,0,0,0,0.0000033312*Q^5+0,0,0,0,0,0,0,0,-0.0001351221*J1^2*Q^3+0.0000675610*J1^1*Q^4+-0.0000183916*Q^5+0,0,0,0,0,0,0,0,0.0000955467*J1^2*Q^3+-0.0000196172*J1^1*Q^4+-0.0000366615*Q^5+0,0,0,0,0,0,0,0,-0.0001170192*J1^2*Q^3+0.0000585096*J1^1*Q^4+-0.0000254643*Q^5+0,0,0},
{0,0,0,0,0,0,0.0000028849*Q^5+0,0,0,0,0,0,0,0,-0.0001170192*J1^2*Q^3+0.0000585096*J1^1*Q^4+-0.0000159276*Q^5+0,0,0,0,0,0,0,0,0.0000827459*J1^2*Q^3+-0.0000169890*J1^1*Q^4+-0.0000292514*Q^5+0,0,0,0,0,0,0,0,-0.0000082591*Q^5+0,0,0,0,0,0,0,0,0.0000033312*Q^5+0,0,0,0,0,0,0,0,-0.0001351221*J1^2*Q^3+0.0000675610*J1^1*Q^4+-0.0000183916*Q^5+0,0,0,0,0,0,0,0,0.0000955467*J1^2*Q^3+-0.0000196172*J1^1*Q^4+-0.0000366615*Q^5+0,0,0,0,0,0,0,0,-0.0001170192*J1^2*Q^3+0.0000585096*J1^1*Q^4+-0.0000254643*Q^5+0,0},
{0,0,0,0,0,0,0,0.0000028849*Q^5+0,0,0,0,0,0,0,0,-0.0001170192*J1^2*Q^3+0.0000585096*J1^1*Q^4+-0.0000159276*Q^5+0,0,0,0,0,0,0,0,0.0000827459*J1^2*Q^3+-0.0000169890*J1^1*Q^4+-0.0000292514*Q^5+0,0,0,0,0,0,0,0,-0.0000082591*Q^5+0,0,0,0,0,0,0,0,0.0000033312*Q^5+0,0,0,0,0,0,0,0,-0.0001351221*J1^2*Q^3+0.0000675610*J1^1*Q^4+-0.0000183916*Q^5+0,0,0,0,0,0,0,0,0.0000955467*J1^2*Q^3+-0.0000196172*J1^1*Q^4+-0.0000366615*Q^5+0,0,0,0,0,0,0,0,-0.0001170192*J1^2*Q^3+0.0000585096*J1^1*Q^4+-0.0000254643*Q^5+0},
{-0.0000080427*J1^2*Q^3+0.0000040213*J1^1*Q^4+-0.0000060308*Q^5+0,0,0,0,0,0,0,0,0.0000233422*J1^2*Q^3+-0.0000116711*J1^1*Q^4+-0.0000016960*Q^5+0,0,0,0,0,0,0,0,-0.0000082591*Q^5+0,0,0,0,0,0,0,0,-0.0000827459*J1^2*Q^3+0.0001690041*J1^1*Q^4+-0.0000107487*Q^5+0,0,0,0,0,0,0,0,-0.0000092869*J1^2*Q^3+0.0000046435*J1^1*Q^4+-0.0000069638*Q^5+0,0,0,0,0,0,0,0,0.0000269533*J1^2*Q^3+-0.0000134766*J1^1*Q^4+-0.0000019583*Q^5+0,0,0,0,0,0,0,0,-0.0000080427*J1^2*Q^3+0.0000040213*J1^1*Q^4+-0.0000155675*Q^5+0,0,0,0,0,0,0,0,-0.0001188889*J1^2*Q^3+0.0002068203*J1^1*Q^4+-0.0000107155*Q^5+0,0,0,0,0,0,0,0},
{0,-0.0000080427*J1^2*Q^3+0.0000040213*J1^1*Q^4+-0.0000060308*Q^5+0,0,0,0,0,0,0,0,0.0000233422*J1^2*Q^3+-0.0000116711*J1^1*Q^4+-0.0000016960*Q^5+0,0,0,0,0,0,0,0,-0.0000082591*Q^5+0,0,0,0,0,0,0,0,-0.0000827459*J1^2*Q^3+0.0001690041*J1^1*Q^4+-0.0000107487*Q^5+0,0,0,0,0,0,0,0,-0.0000092869*J1^2*Q^3+0.0000046435*J1^1*Q^4+-0.0000069638*Q^5+0,0,0,0,0,0,0,0,0.0000269533*J1^2*Q^3+-0.0000134766*J1^1*Q^4+-0.0000019583*Q^5+0,0,0,0,0,0,0,0,-0.0000080427*J1^2*Q^3+0.0000040213*J1^1*Q^4+-0.0000155675*Q^5+0,0,0,0,0,0,0,0,-0.0001188889*J1^2*Q^3+0.0002068203*J1^1*Q^4+-0.0000107155*Q^5+0,0,0,0,0,0,0},
{0,0,-0.0000080427*J1^2*Q^3+0.0000040213*J1^1*Q^4+-0.0000060308*Q^5+0,0,0,0,0,0,0,0,0.0000233422*J1^2*Q^3+-0.0000116711*J1^1*Q^4+-0.0000016960*Q^5+0,0,0,0,0,0,0,0,-0.0000082591*Q^5+0,0,0,0,0,0,0,0,-0.0000827459*J1^2*Q^3+0.0001690041*J1^1*Q^4+-0.0000107487*Q^5+0,0,0,0,0,0,0,0,-0.0000092869*J1^2*Q^3+0.0000046435*J1^1*Q^4+-0.0000069638*Q^5+0,0,0,0,0,0,0,0,0.0000269533*J1^2*Q^3+-0.0000134766*J1^1*Q^4+-0.0000019583*Q^5+0,0,0,0,0,0,0,0,-0.0000080427*J1^2*Q^3+0.0000040213*J1^1*Q^4+-0.0000155675*Q^5+0,0,0,0,0,0,0,0,-0.0001188889*J1^2*Q^3+0.0002068203*J1^1*Q^4+-0.0000107155*Q^5+0,0,0,0,0,0},
{0,0,0,-0.0000080427*J1^2*Q^3+0.0000040213*J1^1*Q^4+-0.0000060308*Q^5+0,0,0,0,0,0,0,0,0.0000233422*J1^2*Q^3+-0.0000116711*J1^1*Q^4+-0.0000016960*Q^5+0,0,0,0,0,0,0,0,-0.0000082591*Q^5+0,0,0,0,0,0,0,0,-0.0000827459*J1^2*Q^3+0.0001690041*J1^1*Q^4+-0.0000107487*Q^5+0,0,0,0,0,0,0,0,-0.0000092869*J1^2*Q^3+0.0000046435*J1^1*Q^4+-0.0000069638*Q^5+0,0,0,0,0,0,0,0,0.0000269533*J1^2*Q^3+-0.0000134766*J1^1*Q^4+-0.0000019583*Q^5+0,0,0,0,0,0,0,0,-0.0000080427*J1^2*Q^3+0.0000040213*J1^1*Q^4+-0.0000155675*Q^5+0,0,0,0,0,0,0,0,-0.0001188889*J1^2*Q^3+0.0002068203*J1^1*Q^4+-0.0000107155*Q^5+0,0,0,0,0},
{0,0,0,0,-0.0000080427*J1^2*Q^3+0.0000040213*J1^1*Q^4+-0.0000060308*Q^5+0,0,0,0,0,0,0,0,0.0000233422*J1^2*Q^3+-0.0000116711*J1^1*Q^4+-0.0000016960*Q^5+0,0,0,0,0,0,0,0,-0.0000082591*Q^5+0,0,0,0,0,0,0,0,-0.0000827459*J1^2*Q^3+0.0001690041*J1^1*Q^4+-0.0000107487*Q^5+0,0,0,0,0,0,0,0,-0.0000092869*J1^2*Q^3+0.0000046435*J1^1*Q^4+-0.0000069638*Q^5+0,0,0,0,0,0,0,0,0.0000269533*J1^2*Q^3+-0.0000134766*J1^1*Q^4+-0.0000019583*Q^5+0,0,0,0,0,0,0,0,-0.0000080427*J1^2*Q^3+0.0000040213*J1^1*Q^4+-0.0000155675*Q^5+0,0,0,0,0,0,0,0,-0.0001188889*J1^2*Q^3+0.0002068203*J1^1*Q^4+-0.0000107155*Q^5+0,0,0,0},
{0,0,0,0,0,-0.0000080427*J1^2*Q^3+0.0000040213*J1^1*Q^4+-0.0000060308*Q^5+0,0,0,0,0,0,0,0,0.0000233422*J1^2*Q^3+-0.0000116711*J1^1*Q^4+-0.0000016960*Q^5+0,0,0,0,0,0,0,0,-0.0000082591*Q^5+0,0,0,0,0,0,0,0,-0.0000827459*J1^2*Q^3+0.0001690041*J1^1*Q^4+-0.0000107487*Q^5+0,0,0,0,0,0,0,0,-0.0000092869*J1^2*Q^3+0.0000046435*J1^1*Q^4+-0.0000069638*Q^5+0,0,0,0,0,0,0,0,0.0000269533*J1^2*Q^3+-0.0000134766*J1^1*Q^4+-0.0000019583*Q^5+0,0,0,0,0,0,0,0,-0.0000080427*J1^2*Q^3+0.0000040213*J1^1*Q^4+-0.0000155675*Q^5+0,0,0,0,0,0,0,0,-0.0001188889*J1^2*Q^3+0.0002068203*J1^1*Q^4+-0.0000107155*Q^5+0,0,0},
{0,0,0,0,0,0,-0.0000080427*J1^2*Q^3+0.0000040213*J1^1*Q^4+-0.0000060308*Q^5+0,0,0,0,0,0,0,0,0.0000233422*J1^2*Q^3+-0.0000116711*J1^1*Q^4+-0.0000016960*Q^5+0,0,0,0,0,0,0,0,-0.0000082591*Q^5+0,0,0,0,0,0,0,0,-0.0000827459*J1^2*Q^3+0.0001690041*J1^1*Q^4+-0.0000107487*Q^5+0,0,0,0,0,0,0,0,-0.0000092869*J1^2*Q^3+0.0000046435*J1^1*Q^4+-0.0000069638*Q^5+0,0,0,0,0,0,0,0,0.0000269533*J1^2*Q^3+-0.0000134766*J1^1*Q^4+-0.0000019583*Q^5+0,0,0,0,0,0,0,0,-0.0000080427*J1^2*Q^3+0.0000040213*J1^1*Q^4+-0.0000155675*Q^5+0,0,0,0,0,0,0,0,-0.0001188889*J1^2*Q^3+0.0002068203*J1^1*Q^4+-0.0000107155*Q^5+0,0},
{0,0,0,0,0,0,0,-0.0000080427*J1^2*Q^3+0.0000040213*J1^1*Q^4+-0.0000060308*Q^5+0,0,0,0,0,0,0,0,0.0000233422*J1^2*Q^3+-0.0000116711*J1^1*Q^4+-0.0000016960*Q^5+0,0,0,0,0,0,0,0,-0.0000082591*Q^5+0,0,0,0,0,0,0,0,-0.0000827459*J1^2*Q^3+0.0001690041*J1^1*Q^4+-0.0000107487*Q^5+0,0,0,0,0,0,0,0,-0.0000092869*J1^2*Q^3+0.0000046435*J1^1*Q^4+-0.0000069638*Q^5+0,0,0,0,0,0,0,0,0.0000269533*J1^2*Q^3+-0.0000134766*J1^1*Q^4+-0.0000019583*Q^5+0,0,0,0,0,0,0,0,-0.0000080427*J1^2*Q^3+0.0000040213*J1^1*Q^4+-0.0000155675*Q^5+0,0,0,0,0,0,0,0,-0.0001188889*J1^2*Q^3+0.0002068203*J1^1*Q^4+-0.0000107155*Q^5+0},
{0.0000827459*J1^2*Q^3+-0.0000169890*J1^1*Q^4+-0.0000292514*Q^5+0,0,0,0,0,0,0,0,-0.0000082591*Q^5+0,0,0,0,0,0,0,0,-0.0000955467*J1^2*Q^3+0.0000196172*J1^1*Q^4+0.0000366615*Q^5+0,0,0,0,0,0,0,0,-0.0001170192*J1^2*Q^3+0.0000585096*J1^1*Q^4+-0.0000063909*Q^5+0,0,0,0,0,0,0,0,0.0000955467*J1^2*Q^3+-0.0000196172*J1^1*Q^4+-0.0000366615*Q^5+0,0,0,0,0,0,0,0,-0.0001170192*J1^2*Q^3+0.0000585096*J1^1*Q^4+-0.0000254643*Q^5+0,0,0,0,0,0,0,0,-0.0001103278*J1^2*Q^3+0.0000226520*J1^1*Q^4+0.0000456642*Q^5+0,0,0,0,0,0,0,0,0.0000110121*Q^5+0,0,0,0,0,0,0,0},
{0,0.0000827459*J1^2*Q^3+-0.0000169890*J1^1*Q^4+-0.0000292514*Q^5+0,0,0,0,0,0,0,0,-0.0000082591*Q^5+0,0,0,0,0,0,0,0,-0.0000955467*J1^2*Q^3+0.0000196172*J1^1*Q^4+0.0000366615*Q^5+0,0,0,0,0,0,0,0,-0.0001170192*J1^2*Q^3+0.0000585096*J1^1*Q^4+-0.0000063909*Q^5+0,0,0,0,0,0,0,0,0.0000955467*J1^2*Q^3+-0.0000196172*J1^1*Q^4+-0.0000366615*Q^5+0,0,0,0,0,0,0,0,-0.0001170192*J1^2*Q^3+0.0000585096*J1^1*Q^4+-0.0000254643*Q^5+0,0,0,0,0,0,0,0,-0.0001103278*J1^2*Q^3+0.0000226520*J1^1*Q^4+0.0000456642*Q^5+0,0,0,0,0,0,0,0,0.0000110121*Q^5+0,0,0,0,0,0,0},
{0,0,0.0000827459*J1^2*Q^3+-0.0000169890*J1^1*Q^4+-0.0000292514*Q^5+0,0,0,0,0,0,0,0,-0.0000082591*Q^5+0,0,0,0,0,0,0,0,-0.0000955467*J1^2*Q^3+0.0000196172*J1^1*Q^4+0.0000366615*Q^5+0,0,0,0,0,0,0,0,-0.0001170192*J1^2*Q^3+0.0000585096*J1^1*Q^4+-0.0000063909*Q^5+0,0,0,0,0,0,0,0,0.0000955467*J1^2*Q^3+-0.0000196172*J1^1*Q^4+-0.0000366615*Q^5+0,0,0,0,0,0,0,0,-0.0001170192*J1^2*Q^3+0.0000585096*J1^1*Q^4+-0.0000254643*Q^5+0,0,0,0,0,0,0,0,-0.0001103278*J1^2*Q^3+0.0000226520*J1^1*Q^4+0.0000456642*Q^5+0,0,0,0,0,0,0,0,0.0000110121*Q^5+0,0,0,0,0,0},
{0,0,0,0.0000827459*J1^2*Q^3+-0.0000169890*J1^1*Q^4+-0.0000292514*Q^5+0,0,0,0,0,0,0,0,-0.0000082591*Q^5+0,0,0,0,0,0,0,0,-0.0000955467*J1^2*Q^3+0.0000196172*J1^1*Q^4+0.0000366615*Q^5+0,0,0,0,0,0,0,0,-0.0001170192*J1^2*Q^3+0.0000585096*J1^1*Q^4+-0.0000063909*Q^5+0,0,0,0,0,0,0,0,0.0000955467*J1^2*Q^3+-0.0000196172*J1^1*Q^4+-0.0000366615*Q^5+0,0,0,0,0,0,0,0,-0.0001170192*J1^2*Q^3+0.0000585096*J1^1*Q^4+-0.0000254643*Q^5+0,0,0,0,0,0,0,0,-0.0001103278*J1^2*Q^3+0.0000226520*J1^1*Q^4+0.0000456642*Q^5+0,0,0,0,0,0,0,0,0.0000110121*Q^5+0,0,0,0,0},
{0,0,0,0,0.0000827459*J1^2*Q^3+-0.0000169890*J1^1*Q^4+-0.0000292514*Q^5+0,0,0,0,0,0,0,0,-0.0000082591*Q^5+0,0,0,0,0,0,0,0,-0.0000955467*J1^2*Q^3+0.0000196172*J1^1*Q^4+0.0000366615*Q^5+0,0,0,0,0,0,0,0,-0.0001170192*J1^2*Q^3+0.0000585096*J1^1*Q^4+-0.0000063909*Q^5+0,0,0,0,0,0,0,0,0.0000955467*J1^2*Q^3+-0.0000196172*J1^1*Q^4+-0.0000366615*Q^5+0,0,0,0,0,0,0,0,-0.0001170192*J1^2*Q^3+0.0000585096*J1^1*Q^4+-0.0000254643*Q^5+0,0,0,0,0,0,0,0,-0.0001103278*J1^2*Q^3+0.0000226520*J1^1*Q^4+0.0000456642*Q^5+0,0,0,0,0,0,0,0,0.0000110121*Q^5+0,0,0,0},
{0,0,0,0,0,0.0000827459*J1^2*Q^3+-0.0000169890*J1^1*Q^4+-0.0000292514*Q^5+0,0,0,0,0,0,0,0,-0.0000082591*Q^5+0,0,0,0,0,0,0,0,-0.0000955467*J1^2*Q^3+0.0000196172*J1^1*Q^4+0.0000366615*Q^5+0,0,0,0,0,0,0,0,-0.0001170192*J1^2*Q^3+0.0000585096*J1^1*Q^4+-0.0000063909*Q^5+0,0,0,0,0,0,0,0,0.0000955467*J1^2*Q^3+-0.0000196172*J1^1*Q^4+-0.0000366615*Q^5+0,0,0,0,0,0,0,0,-0.0001170192*J1^2*Q^3+0.0000585096*J1^1*Q^4+-0.0000254643*Q^5+0,0,0,0,0,0,0,0,-0.0001103278*J1^2*Q^3+0.0000226520*J1^1*Q^4+0.0000456642*Q^5+0,0,0,0,0,0,0,0,0.0000110121*Q^5+0,0,0},
{0,0,0,0,0,0,0.0000827459*J1^2*Q^3+-0.0000169890*J1^1*Q^4+-0.0000292514*Q^5+0,0,0,0,0,0,0,0,-0.0000082591*Q^5+0,0,0,0,0,0,0,0,-0.0000955467*J1^2*Q^3+0.0000196172*J1^1*Q^4+0.0000366615*Q^5+0,0,0,0,0,0,0,0,-0.0001170192*J1^2*Q^3+0.0000585096*J1^1*Q^4+-0.0000063909*Q^5+0,0,0,0,0,0,0,0,0.0000955467*J1^2*Q^3+-0.0000196172*J1^1*Q^4+-0.0000366615*Q^5+0,0,0,0,0,0,0,0,-0.0001170192*J1^2*Q^3+0.0000585096*J1^1*Q^4+-0.0000254643*Q^5+0,0,0,0,0,0,0,0,-0.0001103278*J1^2*Q^3+0.0000226520*J1^1*Q^4+0.0000456642*Q^5+0,0,0,0,0,0,0,0,0.0000110121*Q^5+0,0},
{0,0,0,0,0,0,0,0.0000827459*J1^2*Q^3+-0.0000169890*J1^1*Q^4+-0.0000292514*Q^5+0,0,0,0,0,0,0,0,-0.0000082591*Q^5+0,0,0,0,0,0,0,0,-0.0000955467*J1^2*Q^3+0.0000196172*J1^1*Q^4+0.0000366615*Q^5+0,0,0,0,0,0,0,0,-0.0001170192*J1^2*Q^3+0.0000585096*J1^1*Q^4+-0.0000063909*Q^5+0,0,0,0,0,0,0,0,0.0000955467*J1^2*Q^3+-0.0000196172*J1^1*Q^4+-0.0000366615*Q^5+0,0,0,0,0,0,0,0,-0.0001170192*J1^2*Q^3+0.0000585096*J1^1*Q^4+-0.0000254643*Q^5+0,0,0,0,0,0,0,0,-0.0001103278*J1^2*Q^3+0.0000226520*J1^1*Q^4+0.0000456642*Q^5+0,0,0,0,0,0,0,0,0.0000110121*Q^5+0},
{-0.0000082591*Q^5+0,0,0,0,0,0,0,0,-0.0000827459*J1^2*Q^3+0.0001690041*J1^1*Q^4+-0.0000107487*Q^5+0,0,0,0,0,0,0,0,-0.0000080427*J1^2*Q^3+0.0000040213*J1^1*Q^4+0.0000035060*Q^5+0,0,0,0,0,0,0,0,0.0001188889*J1^2*Q^3+-0.0002068203*J1^1*Q^4+0.0000107155*Q^5+0,0,0,0,0,0,0,0,-0.0000080427*J1^2*Q^3+0.0000040213*J1^1*Q^4+-0.0000155675*Q^5+0,0,0,0,0,0,0,0,-0.0001188889*J1^2*Q^3+0.0002068203*J1^1*Q^4+-0.0000107155*Q^5+0,0,0,0,0,0,0,0,0.0000110121*Q^5+0,0,0,0,0,0,0,0,0.0001642344*J1^2*Q^3+-0.0002522921*J1^1*Q^4+0.0000104149*Q^5+0,0,0,0,0,0,0,0},
{0,-0.0000082591*Q^5+0,0,0,0,0,0,0,0,-0.0000827459*J1^2*Q^3+0.0001690041*J1^1*Q^4+-0.0000107487*Q^5+0,0,0,0,0,0,0,0,-0.0000080427*J1^2*Q^3+0.0000040213*J1^1*Q^4+0.0000035060*Q^5+0,0,0,0,0,0,0,0,0.0001188889*J1^2*Q^3+-0.0002068203*J1^1*Q^4+0.0000107155*Q^5+0,0,0,0,0,0,0,0,-0.0000080427*J1^2*Q^3+0.0000040213*J1^1*Q^4+-0.0000155675*Q^5+0,0,0,0,0,0,0,0,-0.0001188889*J1^2*Q^3+0.0002068203*J1^1*Q^4+-0.0000107155*Q^5+0,0,0,0,0,0,0,0,0.0000110121*Q^5+0,0,0,0,0,0,0,0,0.0001642344*J1^2*Q^3+-0.0002522921*J1^1*Q^4+0.0000104149*Q^5+0,0,0,0,0,0,0},
{0,0,-0.0000082591*Q^5+0,0,0,0,0,0,0,0,-0.0000827459*J1^2*Q^3+0.0001690041*J1^1*Q^4+-0.0000107487*Q^5+0,0,0,0,0,0,0,0,-0.0000080427*J1^2*Q^3+0.0000040213*J1^1*Q^4+0.0000035060*Q^5+0,0,0,0,0,0,0,0,0.0001188889*J1^2*Q^3+-0.0002068203*J1^1*Q^4+0.0000107155*Q^5+0,0,0,0,0,0,0,0,-0.0000080427*J1^2*Q^3+0.0000040213*J1^1*Q^4+-0.0000155675*Q^5+0,0,0,0,0,0,0,0,-0.0001188889*J1^2*Q^3+0.0002068203*J1^1*Q^4+-0.0000107155*Q^5+0,0,0,0,0,0,0,0,0.0000110121*Q^5+0,0,0,0,0,0,0,0,0.0001642344*J1^2*Q^3+-0.0002522921*J1^1*Q^4+0.0000104149*Q^5+0,0,0,0,0,0},
{0,0,0,-0.0000082591*Q^5+0,0,0,0,0,0,0,0,-0.0000827459*J1^2*Q^3+0.0001690041*J1^1*Q^4+-0.0000107487*Q^5+0,0,0,0,0,0,0,0,-0.0000080427*J1^2*Q^3+0.0000040213*J1^1*Q^4+0.0000035060*Q^5+0,0,0,0,0,0,0,0,0.0001188889*J1^2*Q^3+-0.0002068203*J1^1*Q^4+0.0000107155*Q^5+0,0,0,0,0,0,0,0,-0.0000080427*J1^2*Q^3+0.0000040213*J1^1*Q^4+-0.0000155675*Q^5+0,0,0,0,0,0,0,0,-0.0001188889*J1^2*Q^3+0.0002068203*J1^1*Q^4+-0.0000107155*Q^5+0,0,0,0,0,0,0,0,0.0000110121*Q^5+0,0,0,0,0,0,0,0,0.0001642344*J1^2*Q^3+-0.0002522921*J1^1*Q^4+0.0000104149*Q^5+0,0,0,0,0},
{0,0,0,0,-0.0000082591*Q^5+0,0,0,0,0,0,0,0,-0.0000827459*J1^2*Q^3+0.0001690041*J1^1*Q^4+-0.0000107487*Q^5+0,0,0,0,0,0,0,0,-0.0000080427*J1^2*Q^3+0.0000040213*J1^1*Q^4+0.0000035060*Q^5+0,0,0,0,0,0,0,0,0.0001188889*J1^2*Q^3+-0.0002068203*J1^1*Q^4+0.0000107155*Q^5+0,0,0,0,0,0,0,0,-0.0000080427*J1^2*Q^3+0.0000040213*J1^1*Q^4+-0.0000155675*Q^5+0,0,0,0,0,0,0,0,-0.0001188889*J1^2*Q^3+0.0002068203*J1^1*Q^4+-0.0000107155*Q^5+0,0,0,0,0,0,0,0,0.0000110121*Q^5+0,0,0,0,0,0,0,0,0.0001642344*J1^2*Q^3+-0.0002522921*J1^1*Q^4+0.0000104149*Q^5+0,0,0,0},
{0,0,0,0,0,-0.0000082591*Q^5+0,0,0,0,0,0,0,0,-0.0000827459*J1^2*Q^3+0.0001690041*J1^1*Q^4+-0.0000107487*Q^5+0,0,0,0,0,0,0,0,-0.0000080427*J1^2*Q^3+0.0000040213*J1^1*Q^4+0.0000035060*Q^5+0,0,0,0,0,0,0,0,0.0001188889*J1^2*Q^3+-0.0002068203*J1^1*Q^4+0.0000107155*Q^5+0,0,0,0,0,0,0,0,-0.0000080427*J1^2*Q^3+0.0000040213*J1^1*Q^4+-0.0000155675*Q^5+0,0,0,0,0,0,0,0,-0.0001188889*J1^2*Q^3+0.0002068203*J1^1*Q^4+-0.0000107155*Q^5+0,0,0,0,0,0,0,0,0.0000110121*Q^5+0,0,0,0,0,0,0,0,0.0001642344*J1^2*Q^3+-0.0002522921*J1^1*Q^4+0.0000104149*Q^5+0,0,0},
{0,0,0,0,0,0,-0.0000082591*Q^5+0,0,0,0,0,0,0,0,-0.0000827459*J1^2*Q^3+0.0001690041*J1^1*Q^4+-0.0000107487*Q^5+0,0,0,0,0,0,0,0,-0.0000080427*J1^2*Q^3+0.0000040213*J1^1*Q^4+0.0000035060*Q^5+0,0,0,0,0,0,0,0,0.0001188889*J1^2*Q^3+-0.0002068203*J1^1*Q^4+0.0000107155*Q^5+0,0,0,0,0,0,0,0,-0.0000080427*J1^2*Q^3+0.0000040213*J1^1*Q^4+-0.0000155675*Q^5+0,0,0,0,0,0,0,0,-0.0001188889*J1^2*Q^3+0.0002068203*J1^1*Q^4+-0.0000107155*Q^5+0,0,0,0,0,0,0,0,0.0000110121*Q^5+0,0,0,0,0,0,0,0,0.0001642344*J1^2*Q^3+-0.0002522921*J1^1*Q^4+0.0000104149*Q^5+0,0},
{0,0,0,0,0,0,0,-0.0000082591*Q^5+0,0,0,0,0,0,0,0,-0.0000827459*J1^2*Q^3+0.0001690041*J1^1*Q^4+-0.0000107487*Q^5+0,0,0,0,0,0,0,0,-0.0000080427*J1^2*Q^3+0.0000040213*J1^1*Q^4+0.0000035060*Q^5+0,0,0,0,0,0,0,0,0.0001188889*J1^2*Q^3+-0.0002068203*J1^1*Q^4+0.0000107155*Q^5+0,0,0,0,0,0,0,0,-0.0000080427*J1^2*Q^3+0.0000040213*J1^1*Q^4+-0.0000155675*Q^5+0,0,0,0,0,0,0,0,-0.0001188889*J1^2*Q^3+0.0002068203*J1^1*Q^4+-0.0000107155*Q^5+0,0,0,0,0,0,0,0,0.0000110121*Q^5+0,0,0,0,0,0,0,0,0.0001642344*J1^2*Q^3+-0.0002522921*J1^1*Q^4+0.0000104149*Q^5+0}
}