64
{{-0.1312179565*J1^1*Q^4+-0.1116800308*Q^5+0,0.0142047605*Q^5+0,0.0142047605*Q^5+0,0,0,0,0,0,0.0142047605*Q^5+0,0,0,0,0,0,0,0,0.0142047605*Q^5+0,0,0,0,0,0,0,0,0,0,0,0,0,0,0,0,0,0,0,0,0,0,0,0,0,0,0,0,0,0,0,0,0,0,0,0,0,0,0,0,0,0,0,0,0,0,0,0},
{0.0142047605*Q^5+0,-0.0874786377*J1^1*Q^4+-0.0952777863*Q^5+0,0,0.0142047605*Q^5+0,0,0,0,0,0,0.0142047605*Q^5+0,0,0,0,0,0,0,0,0.0142047605*Q^5+0,0,0,0,0,0,0,0,0,0,0,0,0,0,0,0,0,0,0,0,0,0,0,0,0,0,0,0,0,0,0,0,0,0,0,0,0,0,0,0,0,0,0,0,0,0,0},
{0.0142047605*Q^5+0,0,-0.0874786377*J1^1*Q^4+-0.0952777863*Q^5+0,0.0142047605*Q^5+0,0,0,0,0,0,0,0.0142047605*Q^5+0,0,0,0,0,0,0,0,0.0142047605*Q^5+0,0,0,0,0,0,0,0,0,0,0,0,0,0,0,0,0,0,0,0,0,0,0,0,0,0,0,0,0,0,0,0,0,0,0,0,0,0,0,0,0,0,0,0,0,0},
{0,0.0142047605*Q^5+0,0.0142047605*Q^5+0,-0.0437393188*J1^1*Q^4+-0.0788755417*Q^5+0,0,0,0,0,0,0,0,0.0142047605*Q^5+0,0,0,0,0,0,0,0,0.0142047605*Q^5+0,0,0,0,0,0,0,0,0,0,0,0,0,0,0,0,0,0,0,0,0,0,0,0,0,0,0,0,0,0,0,0,0,0,0,0,0,0,0,0,0,0,0,0,0},
{0,0,0,0,-0.1312179565*J1^1*Q^4+-0.1116800308*Q^5+0,0.0142047605*Q^5+0,0.0142047605*Q^5+0,0,0,0,0,0,0.0142047605*Q^5+0,0,0,0,0,0,0,0,0.0142047605*Q^5+0,0,0,0,0,0,0,0,0,0,0,0,0,0,0,0,0,0,0,0,0,0,0,0,0,0,0,0,0,0,0,0,0,0,0,0,0,0,0,0,0,0,0,0},
{0,0,0,0,0.0142047605*Q^5+0,-0.0874786377*J1^1*Q^4+-0.0952777863*Q^5+0,0,0.0142047605*Q^5+0,0,0,0,0,0,0.0142047605*Q^5+0,0,0,0,0,0,0,0,0.0142047605*Q^5+0,0,0,0,0,0,0,0,0,0,0,0,0,0,0,0,0,0,0,0,0,0,0,0,0,0,0,0,0,0,0,0,0,0,0,0,0,0,0,0,0,0,0},
{0,0,0,0,0.0142047605*Q^5+0,0,-0.0874786377*J1^1*Q^4+-0.0952777863*Q^5+0,0.0142047605*Q^5+0,0,0,0,0,0,0,0.0142047605*Q^5+0,0,0,0,0,0,0,0,0.0142047605*Q^5+0,0,0,0,0,0,0,0,0,0,0,0,0,0,0,0,0,0,0,0,0,0,0,0,0,0,0,0,0,0,0,0,0,0,0,0,0,0,0,0,0,0},
{0,0,0,0,0,0.0142047605*Q^5+0,0.0142047605*Q^5+0,-0.0437393188*J1^1*Q^4+-0.0788755417*Q^5+0,0,0,0,0,0,0,0,0.0142047605*Q^5+0,0,0,0,0,0,0,0,0.0142047605*Q^5+0,0,0,0,0,0,0,0,0,0,0,0,0,0,0,0,0,0,0,0,0,0,0,0,0,0,0,0,0,0,0,0,0,0,0,0,0,0,0,0,0},
{0.0142047605*Q^5+0,0,0,0,0,0,0,0,-0.0874786377*J1^1*Q^4+-0.0952777863*Q^5+0,0.0142047605*Q^5+0,0.0142047605*Q^5+0,0,0,0,0,0,0,0,0,0,0,0,0,0,0.0142047605*Q^5+0,0,0,0,0,0,0,0,0,0,0,0,0,0,0,0,0,0,0,0,0,0,0,0,0,0,0,0,0,0,0,0,0,0,0,0,0,0,0,0},
{0,0.0142047605*Q^5+0,0,0,0,0,0,0,0.0142047605*Q^5+0,-0.0437393188*J1^1*Q^4+-0.0788755417*Q^5+0,0,0.0142047605*Q^5+0,0,0,0,0,0,0,0,0,0,0,0,0,0,0.0142047605*Q^5+0,0,0,0,0,0,0,0,0,0,0,0,0,0,0,0,0,0,0,0,0,0,0,0,0,0,0,0,0,0,0,0,0,0,0,0,0,0,0},
{0,0,0.0142047605*Q^5+0,0,0,0,0,0,0.0142047605*Q^5+0,0,-0.0437393188*J1^1*Q^4+-0.0788755417*Q^5+0,0.0142047605*Q^5+0,0,0,0,0,0,0,0,0,0,0,0,0,0,0,0.0142047605*Q^5+0,0,0,0,0,0,0,0,0,0,0,0,0,0,0,0,0,0,0,0,0,0,0,0,0,0,0,0,0,0,0,0,0,0,0,0,0,0},
{0,0,0,0.0142047605*Q^5+0,0,0,0,0,0,0.0142047605*Q^5+0,0.0142047605*Q^5+0,-0.0624732971*Q^5+0,0,0,0,0,0,0,0,0,0,0,0,0,0,0,0,0.0142047605*Q^5+0,0,0,0,0,0,0,0,0,0,0,0,0,0,0,0,0,0,0,0,0,0,0,0,0,0,0,0,0,0,0,0,0,0,0,0,0},
{0,0,0,0,0.0142047605*Q^5+0,0,0,0,0,0,0,0,-0.0874786377*J1^1*Q^4+-0.0952777863*Q^5+0,0.0142047605*Q^5+0,0.0142047605*Q^5+0,0,0,0,0,0,0,0,0,0,0,0,0,0,0.0142047605*Q^5+0,0,0,0,0,0,0,0,0,0,0,0,0,0,0,0,0,0,0,0,0,0,0,0,0,0,0,0,0,0,0,0,0,0,0,0},
{0,0,0,0,0,0.0142047605*Q^5+0,0,0,0,0,0,0,0.0142047605*Q^5+0,-0.0437393188*J1^1*Q^4+-0.0788755417*Q^5+0,0,0.0142047605*Q^5+0,0,0,0,0,0,0,0,0,0,0,0,0,0,0.0142047605*Q^5+0,0,0,0,0,0,0,0,0,0,0,0,0,0,0,0,0,0,0,0,0,0,0,0,0,0,0,0,0,0,0,0,0,0,0},
{0,0,0,0,0,0,0.0142047605*Q^5+0,0,0,0,0,0,0.0142047605*Q^5+0,0,-0.0437393188*J1^1*Q^4+-0.0788755417*Q^5+0,0.0142047605*Q^5+0,0,0,0,0,0,0,0,0,0,0,0,0,0,0,0.0142047605*Q^5+0,0,0,0,0,0,0,0,0,0,0,0,0,0,0,0,0,0,0,0,0,0,0,0,0,0,0,0,0,0,0,0,0,0},
{0,0,0,0,0,0,0,0.0142047605*Q^5+0,0,0,0,0,0,0.0142047605*Q^5+0,0.0142047605*Q^5+0,-0.0624732971*Q^5+0,0,0,0,0,0,0,0,0,0,0,0,0,0,0,0,0.0142047605*Q^5+0,0,0,0,0,0,0,0,0,0,0,0,0,0,0,0,0,0,0,0,0,0,0,0,0,0,0,0,0,0,0,0,0},
{0.0142047605*Q^5+0,0,0,0,0,0,0,0,0,0,0,0,0,0,0,0,-0.0874786377*J1^1*Q^4+-0.0952777863*Q^5+0,0.0142047605*Q^5+0,0.0142047605*Q^5+0,0,0,0,0,0,0.0142047605*Q^5+0,0,0,0,0,0,0,0,0,0,0,0,0,0,0,0,0,0,0,0,0,0,0,0,0,0,0,0,0,0,0,0,0,0,0,0,0,0,0,0},
{0,0.0142047605*Q^5+0,0,0,0,0,0,0,0,0,0,0,0,0,0,0,0.0142047605*Q^5+0,-0.0437393188*J1^1*Q^4+-0.0788755417*Q^5+0,0,0.0142047605*Q^5+0,0,0,0,0,0,0.0142047605*Q^5+0,0,0,0,0,0,0,0,0,0,0,0,0,0,0,0,0,0,0,0,0,0,0,0,0,0,0,0,0,0,0,0,0,0,0,0,0,0,0},
{0,0,0.0142047605*Q^5+0,0,0,0,0,0,0,0,0,0,0,0,0,0,0.0142047605*Q^5+0,0,-0.0437393188*J1^1*Q^4+-0.0788755417*Q^5+0,0.0142047605*Q^5+0,0,0,0,0,0,0,0.0142047605*Q^5+0,0,0,0,0,0,0,0,0,0,0,0,0,0,0,0,0,0,0,0,0,0,0,0,0,0,0,0,0,0,0,0,0,0,0,0,0,0},
{0,0,0,0.0142047605*Q^5+0,0,0,0,0,0,0,0,0,0,0,0,0,0,0.0142047605*Q^5+0,0.0142047605*Q^5+0,-0.0624732971*Q^5+0,0,0,0,0,0,0,0,0.0142047605*Q^5+0,0,0,0,0,0,0,0,0,0,0,0,0,0,0,0,0,0,0,0,0,0,0,0,0,0,0,0,0,0,0,0,0,0,0,0,0},
{0,0,0,0,0.0142047605*Q^5+0,0,0,0,0,0,0,0,0,0,0,0,0,0,0,0,-0.0874786377*J1^1*Q^4+-0.0952777863*Q^5+0,0.0142047605*Q^5+0,0.0142047605*Q^5+0,0,0,0,0,0,0.0142047605*Q^5+0,0,0,0,0,0,0,0,0,0,0,0,0,0,0,0,0,0,0,0,0,0,0,0,0,0,0,0,0,0,0,0,0,0,0,0},
{0,0,0,0,0,0.0142047605*Q^5+0,0,0,0,0,0,0,0,0,0,0,0,0,0,0,0.0142047605*Q^5+0,-0.0437393188*J1^1*Q^4+-0.0788755417*Q^5+0,0,0.0142047605*Q^5+0,0,0,0,0,0,0.0142047605*Q^5+0,0,0,0,0,0,0,0,0,0,0,0,0,0,0,0,0,0,0,0,0,0,0,0,0,0,0,0,0,0,0,0,0,0,0},
{0,0,0,0,0,0,0.0142047605*Q^5+0,0,0,0,0,0,0,0,0,0,0,0,0,0,0.0142047605*Q^5+0,0,-0.0437393188*J1^1*Q^4+-0.0788755417*Q^5+0,0.0142047605*Q^5+0,0,0,0,0,0,0,0.0142047605*Q^5+0,0,0,0,0,0,0,0,0,0,0,0,0,0,0,0,0,0,0,0,0,0,0,0,0,0,0,0,0,0,0,0,0,0},
{0,0,0,0,0,0,0,0.0142047605*Q^5+0,0,0,0,0,0,0,0,0,0,0,0,0,0,0.0142047605*Q^5+0,0.0142047605*Q^5+0,-0.0624732971*Q^5+0,0,0,0,0,0,0,0,0.0142047605*Q^5+0,0,0,0,0,0,0,0,0,0,0,0,0,0,0,0,0,0,0,0,0,0,0,0,0,0,0,0,0,0,0,0,0},
{0,0,0,0,0,0,0,0,0.0142047605*Q^5+0,0,0,0,0,0,0,0,0.0142047605*Q^5+0,0,0,0,0,0,0,0,-0.0437393188*J1^1*Q^4+-0.0788755417*Q^5+0,0.0142047605*Q^5+0,0.0142047605*Q^5+0,0,0,0,0,0,0,0,0,0,0,0,0,0,0,0,0,0,0,0,0,0,0,0,0,0,0,0,0,0,0,0,0,0,0,0,0,0},
{0,0,0,0,0,0,0,0,0,0.0142047605*Q^5+0,0,0,0,0,0,0,0,0.0142047605*Q^5+0,0,0,0,0,0,0,0.0142047605*Q^5+0,-0.0624732971*Q^5+0,0,0.0142047605*Q^5+0,0,0,0,0,0,0,0,0,0,0,0,0,0,0,0,0,0,0,0,0,0,0,0,0,0,0,0,0,0,0,0,0,0,0,0,0},
{0,0,0,0,0,0,0,0,0,0,0.0142047605*Q^5+0,0,0,0,0,0,0,0,0.0142047605*Q^5+0,0,0,0,0,0,0.0142047605*Q^5+0,0,-0.0624732971*Q^5+0,0.0142047605*Q^5+0,0,0,0,0,0,0,0,0,0,0,0,0,0,0,0,0,0,0,0,0,0,0,0,0,0,0,0,0,0,0,0,0,0,0,0,0},
{0,0,0,0,0,0,0,0,0,0,0,0.0142047605*Q^5+0,0,0,0,0,0,0,0,0.0142047605*Q^5+0,0,0,0,0,0,0.0142047605*Q^5+0,0.0142047605*Q^5+0,0.0437393188*J1^1*Q^4+-0.0460710526*Q^5+0,0,0,0,0,0,0,0,0,0,0,0,0,0,0,0,0,0,0,0,0,0,0,0,0,0,0,0,0,0,0,0,0,0,0,0,0},
{0,0,0,0,0,0,0,0,0,0,0,0,0.0142047605*Q^5+0,0,0,0,0,0,0,0,0.0142047605*Q^5+0,0,0,0,0,0,0,0,-0.0437393188*J1^1*Q^4+-0.0788755417*Q^5+0,0.0142047605*Q^5+0,0.0142047605*Q^5+0,0,0,0,0,0,0,0,0,0,0,0,0,0,0,0,0,0,0,0,0,0,0,0,0,0,0,0,0,0,0,0,0,0},
{0,0,0,0,0,0,0,0,0,0,0,0,0,0.0142047605*Q^5+0,0,0,0,0,0,0,0,0.0142047605*Q^5+0,0,0,0,0,0,0,0.0142047605*Q^5+0,-0.0624732971*Q^5+0,0,0.0142047605*Q^5+0,0,0,0,0,0,0,0,0,0,0,0,0,0,0,0,0,0,0,0,0,0,0,0,0,0,0,0,0,0,0,0,0},
{0,0,0,0,0,0,0,0,0,0,0,0,0,0,0.0142047605*Q^5+0,0,0,0,0,0,0,0,0.0142047605*Q^5+0,0,0,0,0,0,0.0142047605*Q^5+0,0,-0.0624732971*Q^5+0,0.0142047605*Q^5+0,0,0,0,0,0,0,0,0,0,0,0,0,0,0,0,0,0,0,0,0,0,0,0,0,0,0,0,0,0,0,0,0},
{0,0,0,0,0,0,0,0,0,0,0,0,0,0,0,0.0142047605*Q^5+0,0,0,0,0,0,0,0,0.0142047605*Q^5+0,0,0,0,0,0,0.0142047605*Q^5+0,0.0142047605*Q^5+0,0.0437393188*J1^1*Q^4+-0.0460710526*Q^5+0,0,0,0,0,0,0,0,0,0,0,0,0,0,0,0,0,0,0,0,0,0,0,0,0,0,0,0,0,0,0,0,0},
{0,0,0,0,0,0,0,0,0,0,0,0,0,0,0,0,0,0,0,0,0,0,0,0,0,0,0,0,0,0,0,0,-0.1312179565*J1^1*Q^4+-0.1116800308*Q^5+0,0.0142047605*Q^5+0,0.0142047605*Q^5+0,0,0,0,0,0,0.0142047605*Q^5+0,0,0,0,0,0,0,0,0.0142047605*Q^5+0,0,0,0,0,0,0,0,0,0,0,0,0,0,0,0},
{0,0,0,0,0,0,0,0,0,0,0,0,0,0,0,0,0,0,0,0,0,0,0,0,0,0,0,0,0,0,0,0,0.0142047605*Q^5+0,-0.0874786377*J1^1*Q^4+-0.0952777863*Q^5+0,0,0.0142047605*Q^5+0,0,0,0,0,0,0.0142047605*Q^5+0,0,0,0,0,0,0,0,0.0142047605*Q^5+0,0,0,0,0,0,0,0,0,0,0,0,0,0,0},
{0,0,0,0,0,0,0,0,0,0,0,0,0,0,0,0,0,0,0,0,0,0,0,0,0,0,0,0,0,0,0,0,0.0142047605*Q^5+0,0,-0.0874786377*J1^1*Q^4+-0.0952777863*Q^5+0,0.0142047605*Q^5+0,0,0,0,0,0,0,0.0142047605*Q^5+0,0,0,0,0,0,0,0,0.0142047605*Q^5+0,0,0,0,0,0,0,0,0,0,0,0,0,0},
{0,0,0,0,0,0,0,0,0,0,0,0,0,0,0,0,0,0,0,0,0,0,0,0,0,0,0,0,0,0,0,0,0,0.0142047605*Q^5+0,0.0142047605*Q^5+0,-0.0437393188*J1^1*Q^4+-0.0788755417*Q^5+0,0,0,0,0,0,0,0,0.0142047605*Q^5+0,0,0,0,0,0,0,0,0.0142047605*Q^5+0,0,0,0,0,0,0,0,0,0,0,0,0},
{0,0,0,0,0,0,0,0,0,0,0,0,0,0,0,0,0,0,0,0,0,0,0,0,0,0,0,0,0,0,0,0,0,0,0,0,-0.1312179565*J1^1*Q^4+-0.1116800308*Q^5+0,0.0142047605*Q^5+0,0.0142047605*Q^5+0,0,0,0,0,0,0.0142047605*Q^5+0,0,0,0,0,0,0,0,0.0142047605*Q^5+0,0,0,0,0,0,0,0,0,0,0,0},
{0,0,0,0,0,0,0,0,0,0,0,0,0,0,0,0,0,0,0,0,0,0,0,0,0,0,0,0,0,0,0,0,0,0,0,0,0.0142047605*Q^5+0,-0.0874786377*J1^1*Q^4+-0.0952777863*Q^5+0,0,0.0142047605*Q^5+0,0,0,0,0,0,0.0142047605*Q^5+0,0,0,0,0,0,0,0,0.0142047605*Q^5+0,0,0,0,0,0,0,0,0,0,0},
{0,0,0,0,0,0,0,0,0,0,0,0,0,0,0,0,0,0,0,0,0,0,0,0,0,0,0,0,0,0,0,0,0,0,0,0,0.0142047605*Q^5+0,0,-0.0874786377*J1^1*Q^4+-0.0952777863*Q^5+0,0.0142047605*Q^5+0,0,0,0,0,0,0,0.0142047605*Q^5+0,0,0,0,0,0,0,0,0.0142047605*Q^5+0,0,0,0,0,0,0,0,0,0},
{0,0,0,0,0,0,0,0,0,0,0,0,0,0,0,0,0,0,0,0,0,0,0,0,0,0,0,0,0,0,0,0,0,0,0,0,0,0.0142047605*Q^5+0,0.0142047605*Q^5+0,-0.0437393188*J1^1*Q^4+-0.0788755417*Q^5+0,0,0,0,0,0,0,0,0.0142047605*Q^5+0,0,0,0,0,0,0,0,0.0142047605*Q^5+0,0,0,0,0,0,0,0,0},
{0,0,0,0,0,0,0,0,0,0,0,0,0,0,0,0,0,0,0,0,0,0,0,0,0,0,0,0,0,0,0,0,0.0142047605*Q^5+0,0,0,0,0,0,0,0,-0.0874786377*J1^1*Q^4+-0.0952777863*Q^5+0,0.0142047605*Q^5+0,0.0142047605*Q^5+0,0,0,0,0,0,0,0,0,0,0,0,0,0,0.0142047605*Q^5+0,0,0,0,0,0,0,0},
{0,0,0,0,0,0,0,0,0,0,0,0,0,0,0,0,0,0,0,0,0,0,0,0,0,0,0,0,0,0,0,0,0,0.0142047605*Q^5+0,0,0,0,0,0,0,0.0142047605*Q^5+0,-0.0437393188*J1^1*Q^4+-0.0788755417*Q^5+0,0,0.0142047605*Q^5+0,0,0,0,0,0,0,0,0,0,0,0,0,0,0.0142047605*Q^5+0,0,0,0,0,0,0},
{0,0,0,0,0,0,0,0,0,0,0,0,0,0,0,0,0,0,0,0,0,0,0,0,0,0,0,0,0,0,0,0,0,0,0.0142047605*Q^5+0,0,0,0,0,0,0.0142047605*Q^5+0,0,-0.0437393188*J1^1*Q^4+-0.0788755417*Q^5+0,0.0142047605*Q^5+0,0,0,0,0,0,0,0,0,0,0,0,0,0,0,0.0142047605*Q^5+0,0,0,0,0,0},
{0,0,0,0,0,0,0,0,0,0,0,0,0,0,0,0,0,0,0,0,0,0,0,0,0,0,0,0,0,0,0,0,0,0,0,0.0142047605*Q^5+0,0,0,0,0,0,0.0142047605*Q^5+0,0.0142047605*Q^5+0,-0.0624732971*Q^5+0,0,0,0,0,0,0,0,0,0,0,0,0,0,0,0,0.0142047605*Q^5+0,0,0,0,0},
{0,0,0,0,0,0,0,0,0,0,0,0,0,0,0,0,0,0,0,0,0,0,0,0,0,0,0,0,0,0,0,0,0,0,0,0,0.0142047605*Q^5+0,0,0,0,0,0,0,0,-0.0874786377*J1^1*Q^4+-0.0952777863*Q^5+0,0.0142047605*Q^5+0,0.0142047605*Q^5+0,0,0,0,0,0,0,0,0,0,0,0,0,0,0.0142047605*Q^5+0,0,0,0},
{0,0,0,0,0,0,0,0,0,0,0,0,0,0,0,0,0,0,0,0,0,0,0,0,0,0,0,0,0,0,0,0,0,0,0,0,0,0.0142047605*Q^5+0,0,0,0,0,0,0,0.0142047605*Q^5+0,-0.0437393188*J1^1*Q^4+-0.0788755417*Q^5+0,0,0.0142047605*Q^5+0,0,0,0,0,0,0,0,0,0,0,0,0,0,0.0142047605*Q^5+0,0,0},
{0,0,0,0,0,0,0,0,0,0,0,0,0,0,0,0,0,0,0,0,0,0,0,0,0,0,0,0,0,0,0,0,0,0,0,0,0,0,0.0142047605*Q^5+0,0,0,0,0,0,0.0142047605*Q^5+0,0,-0.0437393188*J1^1*Q^4+-0.0788755417*Q^5+0,0.0142047605*Q^5+0,0,0,0,0,0,0,0,0,0,0,0,0,0,0,0.0142047605*Q^5+0,0},
{0,0,0,0,0,0,0,0,0,0,0,0,0,0,0,0,0,0,0,0,0,0,0,0,0,0,0,0,0,0,0,0,0,0,0,0,0,0,0,0.0142047605*Q^5+0,0,0,0,0,0,0.0142047605*Q^5+0,0.0142047605*Q^5+0,-0.0624732971*Q^5+0,0,0,0,0,0,0,0,0,0,0,0,0,0,0,0,0.0142047605*Q^5+0},
{0,0,0,0,0,0,0,0,0,0,0,0,0,0,0,0,0,0,0,0,0,0,0,0,0,0,0,0,0,0,0,0,0.0142047605*Q^5+0,0,0,0,0,0,0,0,0,0,0,0,0,0,0,0,-0.0874786377*J1^1*Q^4+-0.0952777863*Q^5+0,0.0142047605*Q^5+0,0.0142047605*Q^5+0,0,0,0,0,0,0.0142047605*Q^5+0,0,0,0,0,0,0,0},
{0,0,0,0,0,0,0,0,0,0,0,0,0,0,0,0,0,0,0,0,0,0,0,0,0,0,0,0,0,0,0,0,0,0.0142047605*Q^5+0,0,0,0,0,0,0,0,0,0,0,0,0,0,0,0.0142047605*Q^5+0,-0.0437393188*J1^1*Q^4+-0.0788755417*Q^5+0,0,0.0142047605*Q^5+0,0,0,0,0,0,0.0142047605*Q^5+0,0,0,0,0,0,0},
{0,0,0,0,0,0,0,0,0,0,0,0,0,0,0,0,0,0,0,0,0,0,0,0,0,0,0,0,0,0,0,0,0,0,0.0142047605*Q^5+0,0,0,0,0,0,0,0,0,0,0,0,0,0,0.0142047605*Q^5+0,0,-0.0437393188*J1^1*Q^4+-0.0788755417*Q^5+0,0.0142047605*Q^5+0,0,0,0,0,0,0,0.0142047605*Q^5+0,0,0,0,0,0},
{0,0,0,0,0,0,0,0,0,0,0,0,0,0,0,0,0,0,0,0,0,0,0,0,0,0,0,0,0,0,0,0,0,0,0,0.0142047605*Q^5+0,0,0,0,0,0,0,0,0,0,0,0,0,0,0.0142047605*Q^5+0,0.0142047605*Q^5+0,-0.0624732971*Q^5+0,0,0,0,0,0,0,0,0.0142047605*Q^5+0,0,0,0,0},
{0,0,0,0,0,0,0,0,0,0,0,0,0,0,0,0,0,0,0,0,0,0,0,0,0,0,0,0,0,0,0,0,0,0,0,0,0.0142047605*Q^5+0,0,0,0,0,0,0,0,0,0,0,0,0,0,0,0,-0.0874786377*J1^1*Q^4+-0.0952777863*Q^5+0,0.0142047605*Q^5+0,0.0142047605*Q^5+0,0,0,0,0,0,0.0142047605*Q^5+0,0,0,0},
{0,0,0,0,0,0,0,0,0,0,0,0,0,0,0,0,0,0,0,0,0,0,0,0,0,0,0,0,0,0,0,0,0,0,0,0,0,0.0142047605*Q^5+0,0,0,0,0,0,0,0,0,0,0,0,0,0,0,0.0142047605*Q^5+0,-0.0437393188*J1^1*Q^4+-0.0788755417*Q^5+0,0,0.0142047605*Q^5+0,0,0,0,0,0,0.0142047605*Q^5+0,0,0},
{0,0,0,0,0,0,0,0,0,0,0,0,0,0,0,0,0,0,0,0,0,0,0,0,0,0,0,0,0,0,0,0,0,0,0,0,0,0,0.0142047605*Q^5+0,0,0,0,0,0,0,0,0,0,0,0,0,0,0.0142047605*Q^5+0,0,-0.0437393188*J1^1*Q^4+-0.0788755417*Q^5+0,0.0142047605*Q^5+0,0,0,0,0,0,0,0.0142047605*Q^5+0,0},
{0,0,0,0,0,0,0,0,0,0,0,0,0,0,0,0,0,0,0,0,0,0,0,0,0,0,0,0,0,0,0,0,0,0,0,0,0,0,0,0.0142047605*Q^5+0,0,0,0,0,0,0,0,0,0,0,0,0,0,0.0142047605*Q^5+0,0.0142047605*Q^5+0,-0.0624732971*Q^5+0,0,0,0,0,0,0,0,0.0142047605*Q^5+0},
{0,0,0,0,0,0,0,0,0,0,0,0,0,0,0,0,0,0,0,0,0,0,0,0,0,0,0,0,0,0,0,0,0,0,0,0,0,0,0,0,0.0142047605*Q^5+0,0,0,0,0,0,0,0,0.0142047605*Q^5+0,0,0,0,0,0,0,0,-0.0437393188*J1^1*Q^4+-0.0788755417*Q^5+0,0.0142047605*Q^5+0,0.0142047605*Q^5+0,0,0,0,0,0},
{0,0,0,0,0,0,0,0,0,0,0,0,0,0,0,0,0,0,0,0,0,0,0,0,0,0,0,0,0,0,0,0,0,0,0,0,0,0,0,0,0,0.0142047605*Q^5+0,0,0,0,0,0,0,0,0.0142047605*Q^5+0,0,0,0,0,0,0,0.0142047605*Q^5+0,-0.0624732971*Q^5+0,0,0.0142047605*Q^5+0,0,0,0,0},
{0,0,0,0,0,0,0,0,0,0,0,0,0,0,0,0,0,0,0,0,0,0,0,0,0,0,0,0,0,0,0,0,0,0,0,0,0,0,0,0,0,0,0.0142047605*Q^5+0,0,0,0,0,0,0,0,0.0142047605*Q^5+0,0,0,0,0,0,0.0142047605*Q^5+0,0,-0.0624732971*Q^5+0,0.0142047605*Q^5+0,0,0,0,0},
{0,0,0,0,0,0,0,0,0,0,0,0,0,0,0,0,0,0,0,0,0,0,0,0,0,0,0,0,0,0,0,0,0,0,0,0,0,0,0,0,0,0,0,0.0142047605*Q^5+0,0,0,0,0,0,0,0,0.0142047605*Q^5+0,0,0,0,0,0,0.0142047605*Q^5+0,0.0142047605*Q^5+0,0.0437393188*J1^1*Q^4+-0.0460710526*Q^5+0,0,0,0,0},
{0,0,0,0,0,0,0,0,0,0,0,0,0,0,0,0,0,0,0,0,0,0,0,0,0,0,0,0,0,0,0,0,0,0,0,0,0,0,0,0,0,0,0,0,0.0142047605*Q^5+0,0,0,0,0,0,0,0,0.0142047605*Q^5+0,0,0,0,0,0,0,0,-0.0437393188*J1^1*Q^4+-0.0788755417*Q^5+0,0.0142047605*Q^5+0,0.0142047605*Q^5+0,0},
{0,0,0,0,0,0,0,0,0,0,0,0,0,0,0,0,0,0,0,0,0,0,0,0,0,0,0,0,0,0,0,0,0,0,0,0,0,0,0,0,0,0,0,0,0,0.0142047605*Q^5+0,0,0,0,0,0,0,0,0.0142047605*Q^5+0,0,0,0,0,0,0,0.0142047605*Q^5+0,-0.0624732971*Q^5+0,0,0.0142047605*Q^5+0},
{0,0,0,0,0,0,0,0,0,0,0,0,0,0,0,0,0,0,0,0,0,0,0,0,0,0,0,0,0,0,0,0,0,0,0,0,0,0,0,0,0,0,0,0,0,0,0.0142047605*Q^5+0,0,0,0,0,0,0,0,0.0142047605*Q^5+0,0,0,0,0,0,0.0142047605*Q^5+0,0,-0.0624732971*Q^5+0,0.0142047605*Q^5+0},
{0,0,0,0,0,0,0,0,0,0,0,0,0,0,0,0,0,0,0,0,0,0,0,0,0,0,0,0,0,0,0,0,0,0,0,0,0,0,0,0,0,0,0,0,0,0,0,0.0142047605*Q^5+0,0,0,0,0,0,0,0,0.0142047605*Q^5+0,0,0,0,0,0,0.0142047605*Q^5+0,0.0142047605*Q^5+0,0.0437393188*J1^1*Q^4+-0.0460710526*Q^5+0}
}