64
{{0,0,0,0,0,0,0,0,0.0000358300*J1^1*Q^4+-0.0000060726*Q^5+0,-0.0000211580*J1^2*Q^3+0.0000378231*J1^1*Q^4+-0.0000107560*Q^5+0,0.0000105790*J1^1*Q^4+-0.0000023015*Q^5+0,-0.0001112652*J1^2*Q^3+0.0000769996*J1^1*Q^4+-0.0000352896*Q^5+0,0,0,0,0,0,0,0,0,0,0,0,0,0,0,0,0,0,0,0,0,0,0,0,0,0,0,0,0,0,0,0,0,0,0,0,0,0,0,0,0,0,0,0,0,0,0,0,0,0,0,0,0},
{0,0,0,0,0,0,0,0,-0.0000211580*J1^2*Q^3+-0.0000166651*J1^1*Q^4+-0.0000008592*Q^5+0,-0.0000244311*J1^2*Q^3+0.0000002722*J1^1*Q^4+-0.0000046818*Q^5+0,0.0000157185*J1^2*Q^3+-0.0000292263*J1^1*Q^4+0.0000271928*Q^5+0,-0.0000551639*J1^2*Q^3+0.0000240556*J1^1*Q^4+-0.0000039075*Q^5+0,0,0,0,0,0,0,0,0,0,0,0,0,0,0,0,0,0,0,0,0,0,0,0,0,0,0,0,0,0,0,0,0,0,0,0,0,0,0,0,0,0,0,0,0,0,0,0,0,0,0,0,0},
{0,0,0,0,0,0,0,0,0.0000105790*J1^1*Q^4+-0.0000023015*Q^5+0,-0.0000157185*J1^2*Q^3+0.0000493879*J1^1*Q^4+0.0000096900*Q^5+0,-0.0000241589*J1^1*Q^4+0.0000085283*Q^5+0,-0.0000581718*J1^2*Q^3+0.0000200172*J1^1*Q^4+-0.0000028715*Q^5+0,0,0,0,0,0,0,0,0,0,0,0,0,0,0,0,0,0,0,0,0,0,0,0,0,0,0,0,0,0,0,0,0,0,0,0,0,0,0,0,0,0,0,0,0,0,0,0,0,0,0,0,0},
{0,0,0,0,0,0,0,0,-0.0000798283*J1^2*Q^3+-0.0000016146*J1^1*Q^4+-0.0000177868*Q^5+0,-0.0000551639*J1^2*Q^3+0.0000240556*J1^1*Q^4+-0.0000039075*Q^5+0,-0.0000944720*J1^2*Q^3+0.0000563048*J1^1*Q^4+-0.0000131852*Q^5+0,-0.0000881290*J1^2*Q^3+0.0000521174*J1^1*Q^4+-0.0000121131*Q^5+0,0,0,0,0,0,0,0,0,0,0,0,0,0,0,0,0,0,0,0,0,0,0,0,0,0,0,0,0,0,0,0,0,0,0,0,0,0,0,0,0,0,0,0,0,0,0,0,0,0,0,0,0},
{0,0,0,0,0,0,0,0,0,0,0,0,0.0000358300*J1^1*Q^4+-0.0000060726*Q^5+0,-0.0000211580*J1^2*Q^3+0.0000378231*J1^1*Q^4+-0.0000107560*Q^5+0,0.0000105790*J1^1*Q^4+-0.0000023015*Q^5+0,-0.0001112652*J1^2*Q^3+0.0000769996*J1^1*Q^4+-0.0000352896*Q^5+0,0,0,0,0,0,0,0,0,0,0,0,0,0,0,0,0,0,0,0,0,0,0,0,0,0,0,0,0,0,0,0,0,0,0,0,0,0,0,0,0,0,0,0,0,0,0,0,0},
{0,0,0,0,0,0,0,0,0,0,0,0,-0.0000211580*J1^2*Q^3+-0.0000166651*J1^1*Q^4+-0.0000008592*Q^5+0,-0.0000244311*J1^2*Q^3+0.0000002722*J1^1*Q^4+-0.0000046818*Q^5+0,0.0000157185*J1^2*Q^3+-0.0000292263*J1^1*Q^4+0.0000271928*Q^5+0,-0.0000551639*J1^2*Q^3+0.0000240556*J1^1*Q^4+-0.0000039075*Q^5+0,0,0,0,0,0,0,0,0,0,0,0,0,0,0,0,0,0,0,0,0,0,0,0,0,0,0,0,0,0,0,0,0,0,0,0,0,0,0,0,0,0,0,0,0,0,0,0,0},
{0,0,0,0,0,0,0,0,0,0,0,0,0.0000105790*J1^1*Q^4+-0.0000023015*Q^5+0,-0.0000157185*J1^2*Q^3+0.0000493879*J1^1*Q^4+0.0000096900*Q^5+0,-0.0000241589*J1^1*Q^4+0.0000085283*Q^5+0,-0.0000581718*J1^2*Q^3+0.0000200172*J1^1*Q^4+-0.0000028715*Q^5+0,0,0,0,0,0,0,0,0,0,0,0,0,0,0,0,0,0,0,0,0,0,0,0,0,0,0,0,0,0,0,0,0,0,0,0,0,0,0,0,0,0,0,0,0,0,0,0,0},
{0,0,0,0,0,0,0,0,0,0,0,0,-0.0000798283*J1^2*Q^3+-0.0000016146*J1^1*Q^4+-0.0000177868*Q^5+0,-0.0000551639*J1^2*Q^3+0.0000240556*J1^1*Q^4+-0.0000039075*Q^5+0,-0.0000944720*J1^2*Q^3+0.0000563048*J1^1*Q^4+-0.0000131852*Q^5+0,-0.0000881290*J1^2*Q^3+0.0000521174*J1^1*Q^4+-0.0000121131*Q^5+0,0,0,0,0,0,0,0,0,0,0,0,0,0,0,0,0,0,0,0,0,0,0,0,0,0,0,0,0,0,0,0,0,0,0,0,0,0,0,0,0,0,0,0,0,0,0,0,0},
{0.0000358300*J1^1*Q^4+-0.0000060726*Q^5+0,-0.0000211580*J1^2*Q^3+0.0000378231*J1^1*Q^4+-0.0000107560*Q^5+0,0.0000105790*J1^1*Q^4+-0.0000023015*Q^5+0,-0.0001112652*J1^2*Q^3+0.0000769996*J1^1*Q^4+-0.0000352896*Q^5+0,0,0,0,0,0.0000413729*J1^1*Q^4+-0.0000070121*Q^5+0,-0.0000244311*J1^2*Q^3+0.0000436744*J1^1*Q^4+-0.0000124199*Q^5+0,0.0000122156*J1^1*Q^4+-0.0000026576*Q^5+0,-0.0001284780*J1^2*Q^3+0.0000889115*J1^1*Q^4+-0.0000407489*Q^5+0,0,0,0,0,0,0,0,0,0,0,0,0,0,0,0,0,0,0,0,0,0,0,0,0,0,0,0,0,0,0,0,0,0,0,0,0,0,0,0,0,0,0,0,0,0,0,0,0,0,0,0,0},
{-0.0000211580*J1^2*Q^3+-0.0000166651*J1^1*Q^4+-0.0000008592*Q^5+0,-0.0000244311*J1^2*Q^3+0.0000002722*J1^1*Q^4+-0.0000046818*Q^5+0,0.0000157185*J1^2*Q^3+-0.0000292263*J1^1*Q^4+0.0000271928*Q^5+0,-0.0000551639*J1^2*Q^3+0.0000240556*J1^1*Q^4+-0.0000039075*Q^5+0,0,0,0,0,-0.0000244311*J1^2*Q^3+-0.0000192432*J1^1*Q^4+-0.0000009921*Q^5+0,-0.0000282107*J1^2*Q^3+0.0000003143*J1^1*Q^4+-0.0000054061*Q^5+0,0.0000181501*J1^2*Q^3+-0.0000337476*J1^1*Q^4+0.0000313995*Q^5+0,-0.0000636978*J1^2*Q^3+0.0000277770*J1^1*Q^4+-0.0000045120*Q^5+0,0,0,0,0,0,0,0,0,0,0,0,0,0,0,0,0,0,0,0,0,0,0,0,0,0,0,0,0,0,0,0,0,0,0,0,0,0,0,0,0,0,0,0,0,0,0,0,0,0,0,0,0},
{0.0000105790*J1^1*Q^4+-0.0000023015*Q^5+0,-0.0000157185*J1^2*Q^3+0.0000493879*J1^1*Q^4+0.0000096900*Q^5+0,-0.0000241589*J1^1*Q^4+0.0000085283*Q^5+0,-0.0000581718*J1^2*Q^3+0.0000200172*J1^1*Q^4+-0.0000028715*Q^5+0,0,0,0,0,0.0000122156*J1^1*Q^4+-0.0000026576*Q^5+0,-0.0000181501*J1^2*Q^3+0.0000570283*J1^1*Q^4+0.0000111890*Q^5+0,-0.0000278963*J1^1*Q^4+0.0000098476*Q^5+0,-0.0000671710*J1^2*Q^3+0.0000231138*J1^1*Q^4+-0.0000033158*Q^5+0,0,0,0,0,0,0,0,0,0,0,0,0,0,0,0,0,0,0,0,0,0,0,0,0,0,0,0,0,0,0,0,0,0,0,0,0,0,0,0,0,0,0,0,0,0,0,0,0,0,0,0,0},
{-0.0000798283*J1^2*Q^3+-0.0000016146*J1^1*Q^4+-0.0000177868*Q^5+0,-0.0000551639*J1^2*Q^3+0.0000240556*J1^1*Q^4+-0.0000039075*Q^5+0,-0.0000944720*J1^2*Q^3+0.0000563048*J1^1*Q^4+-0.0000131852*Q^5+0,-0.0000881290*J1^2*Q^3+0.0000521174*J1^1*Q^4+-0.0000121131*Q^5+0,0,0,0,0,-0.0000921777*J1^2*Q^3+-0.0000018643*J1^1*Q^4+-0.0000205385*Q^5+0,-0.0000636978*J1^2*Q^3+0.0000277770*J1^1*Q^4+-0.0000045120*Q^5+0,-0.0001090869*J1^2*Q^3+0.0000650151*J1^1*Q^4+-0.0000152249*Q^5+0,-0.0001017626*J1^2*Q^3+0.0000601800*J1^1*Q^4+-0.0000139870*Q^5+0,0,0,0,0,0,0,0,0,0,0,0,0,0,0,0,0,0,0,0,0,0,0,0,0,0,0,0,0,0,0,0,0,0,0,0,0,0,0,0,0,0,0,0,0,0,0,0,0,0,0,0,0},
{0,0,0,0,0.0000358300*J1^1*Q^4+-0.0000060726*Q^5+0,-0.0000211580*J1^2*Q^3+0.0000378231*J1^1*Q^4+-0.0000107560*Q^5+0,0.0000105790*J1^1*Q^4+-0.0000023015*Q^5+0,-0.0001112652*J1^2*Q^3+0.0000769996*J1^1*Q^4+-0.0000352896*Q^5+0,0,0,0,0,0.0000413729*J1^1*Q^4+-0.0000070121*Q^5+0,-0.0000244311*J1^2*Q^3+0.0000436744*J1^1*Q^4+-0.0000124199*Q^5+0,0.0000122156*J1^1*Q^4+-0.0000026576*Q^5+0,-0.0001284780*J1^2*Q^3+0.0000889115*J1^1*Q^4+-0.0000407489*Q^5+0,0,0,0,0,0,0,0,0,0,0,0,0,0,0,0,0,0,0,0,0,0,0,0,0,0,0,0,0,0,0,0,0,0,0,0,0,0,0,0,0,0,0,0,0,0,0,0,0},
{0,0,0,0,-0.0000211580*J1^2*Q^3+-0.0000166651*J1^1*Q^4+-0.0000008592*Q^5+0,-0.0000244311*J1^2*Q^3+0.0000002722*J1^1*Q^4+-0.0000046818*Q^5+0,0.0000157185*J1^2*Q^3+-0.0000292263*J1^1*Q^4+0.0000271928*Q^5+0,-0.0000551639*J1^2*Q^3+0.0000240556*J1^1*Q^4+-0.0000039075*Q^5+0,0,0,0,0,-0.0000244311*J1^2*Q^3+-0.0000192432*J1^1*Q^4+-0.0000009921*Q^5+0,-0.0000282107*J1^2*Q^3+0.0000003143*J1^1*Q^4+-0.0000054061*Q^5+0,0.0000181501*J1^2*Q^3+-0.0000337476*J1^1*Q^4+0.0000313995*Q^5+0,-0.0000636978*J1^2*Q^3+0.0000277770*J1^1*Q^4+-0.0000045120*Q^5+0,0,0,0,0,0,0,0,0,0,0,0,0,0,0,0,0,0,0,0,0,0,0,0,0,0,0,0,0,0,0,0,0,0,0,0,0,0,0,0,0,0,0,0,0,0,0,0,0},
{0,0,0,0,0.0000105790*J1^1*Q^4+-0.0000023015*Q^5+0,-0.0000157185*J1^2*Q^3+0.0000493879*J1^1*Q^4+0.0000096900*Q^5+0,-0.0000241589*J1^1*Q^4+0.0000085283*Q^5+0,-0.0000581718*J1^2*Q^3+0.0000200172*J1^1*Q^4+-0.0000028715*Q^5+0,0,0,0,0,0.0000122156*J1^1*Q^4+-0.0000026576*Q^5+0,-0.0000181501*J1^2*Q^3+0.0000570283*J1^1*Q^4+0.0000111890*Q^5+0,-0.0000278963*J1^1*Q^4+0.0000098476*Q^5+0,-0.0000671710*J1^2*Q^3+0.0000231138*J1^1*Q^4+-0.0000033158*Q^5+0,0,0,0,0,0,0,0,0,0,0,0,0,0,0,0,0,0,0,0,0,0,0,0,0,0,0,0,0,0,0,0,0,0,0,0,0,0,0,0,0,0,0,0,0,0,0,0,0},
{0,0,0,0,-0.0000798283*J1^2*Q^3+-0.0000016146*J1^1*Q^4+-0.0000177868*Q^5+0,-0.0000551639*J1^2*Q^3+0.0000240556*J1^1*Q^4+-0.0000039075*Q^5+0,-0.0000944720*J1^2*Q^3+0.0000563048*J1^1*Q^4+-0.0000131852*Q^5+0,-0.0000881290*J1^2*Q^3+0.0000521174*J1^1*Q^4+-0.0000121131*Q^5+0,0,0,0,0,-0.0000921777*J1^2*Q^3+-0.0000018643*J1^1*Q^4+-0.0000205385*Q^5+0,-0.0000636978*J1^2*Q^3+0.0000277770*J1^1*Q^4+-0.0000045120*Q^5+0,-0.0001090869*J1^2*Q^3+0.0000650151*J1^1*Q^4+-0.0000152249*Q^5+0,-0.0001017626*J1^2*Q^3+0.0000601800*J1^1*Q^4+-0.0000139870*Q^5+0,0,0,0,0,0,0,0,0,0,0,0,0,0,0,0,0,0,0,0,0,0,0,0,0,0,0,0,0,0,0,0,0,0,0,0,0,0,0,0,0,0,0,0,0,0,0,0,0},
{0,0,0,0,0,0,0,0,0,0,0,0,0,0,0,0,0,0,0,0,0,0,0,0,0.0000358300*J1^1*Q^4+-0.0000060726*Q^5+0,-0.0000211580*J1^2*Q^3+0.0000378231*J1^1*Q^4+-0.0000107560*Q^5+0,0.0000105790*J1^1*Q^4+-0.0000023015*Q^5+0,-0.0001112652*J1^2*Q^3+0.0000769996*J1^1*Q^4+-0.0000352896*Q^5+0,0,0,0,0,0,0,0,0,0,0,0,0,0,0,0,0,0,0,0,0,0,0,0,0,0,0,0,0,0,0,0,0,0,0,0,0},
{0,0,0,0,0,0,0,0,0,0,0,0,0,0,0,0,0,0,0,0,0,0,0,0,-0.0000211580*J1^2*Q^3+-0.0000166651*J1^1*Q^4+-0.0000008592*Q^5+0,-0.0000244311*J1^2*Q^3+0.0000002722*J1^1*Q^4+-0.0000046818*Q^5+0,0.0000157185*J1^2*Q^3+-0.0000292263*J1^1*Q^4+0.0000271928*Q^5+0,-0.0000551639*J1^2*Q^3+0.0000240556*J1^1*Q^4+-0.0000039075*Q^5+0,0,0,0,0,0,0,0,0,0,0,0,0,0,0,0,0,0,0,0,0,0,0,0,0,0,0,0,0,0,0,0,0,0,0,0,0},
{0,0,0,0,0,0,0,0,0,0,0,0,0,0,0,0,0,0,0,0,0,0,0,0,0.0000105790*J1^1*Q^4+-0.0000023015*Q^5+0,-0.0000157185*J1^2*Q^3+0.0000493879*J1^1*Q^4+0.0000096900*Q^5+0,-0.0000241589*J1^1*Q^4+0.0000085283*Q^5+0,-0.0000581718*J1^2*Q^3+0.0000200172*J1^1*Q^4+-0.0000028715*Q^5+0,0,0,0,0,0,0,0,0,0,0,0,0,0,0,0,0,0,0,0,0,0,0,0,0,0,0,0,0,0,0,0,0,0,0,0,0},
{0,0,0,0,0,0,0,0,0,0,0,0,0,0,0,0,0,0,0,0,0,0,0,0,-0.0000798283*J1^2*Q^3+-0.0000016146*J1^1*Q^4+-0.0000177868*Q^5+0,-0.0000551639*J1^2*Q^3+0.0000240556*J1^1*Q^4+-0.0000039075*Q^5+0,-0.0000944720*J1^2*Q^3+0.0000563048*J1^1*Q^4+-0.0000131852*Q^5+0,-0.0000881290*J1^2*Q^3+0.0000521174*J1^1*Q^4+-0.0000121131*Q^5+0,0,0,0,0,0,0,0,0,0,0,0,0,0,0,0,0,0,0,0,0,0,0,0,0,0,0,0,0,0,0,0,0,0,0,0,0},
{0,0,0,0,0,0,0,0,0,0,0,0,0,0,0,0,0,0,0,0,0,0,0,0,0,0,0,0,0.0000358300*J1^1*Q^4+-0.0000060726*Q^5+0,-0.0000211580*J1^2*Q^3+0.0000378231*J1^1*Q^4+-0.0000107560*Q^5+0,0.0000105790*J1^1*Q^4+-0.0000023015*Q^5+0,-0.0001112652*J1^2*Q^3+0.0000769996*J1^1*Q^4+-0.0000352896*Q^5+0,0,0,0,0,0,0,0,0,0,0,0,0,0,0,0,0,0,0,0,0,0,0,0,0,0,0,0,0,0,0,0,0},
{0,0,0,0,0,0,0,0,0,0,0,0,0,0,0,0,0,0,0,0,0,0,0,0,0,0,0,0,-0.0000211580*J1^2*Q^3+-0.0000166651*J1^1*Q^4+-0.0000008592*Q^5+0,-0.0000244311*J1^2*Q^3+0.0000002722*J1^1*Q^4+-0.0000046818*Q^5+0,0.0000157185*J1^2*Q^3+-0.0000292263*J1^1*Q^4+0.0000271928*Q^5+0,-0.0000551639*J1^2*Q^3+0.0000240556*J1^1*Q^4+-0.0000039075*Q^5+0,0,0,0,0,0,0,0,0,0,0,0,0,0,0,0,0,0,0,0,0,0,0,0,0,0,0,0,0,0,0,0,0},
{0,0,0,0,0,0,0,0,0,0,0,0,0,0,0,0,0,0,0,0,0,0,0,0,0,0,0,0,0.0000105790*J1^1*Q^4+-0.0000023015*Q^5+0,-0.0000157185*J1^2*Q^3+0.0000493879*J1^1*Q^4+0.0000096900*Q^5+0,-0.0000241589*J1^1*Q^4+0.0000085283*Q^5+0,-0.0000581718*J1^2*Q^3+0.0000200172*J1^1*Q^4+-0.0000028715*Q^5+0,0,0,0,0,0,0,0,0,0,0,0,0,0,0,0,0,0,0,0,0,0,0,0,0,0,0,0,0,0,0,0,0},
{0,0,0,0,0,0,0,0,0,0,0,0,0,0,0,0,0,0,0,0,0,0,0,0,0,0,0,0,-0.0000798283*J1^2*Q^3+-0.0000016146*J1^1*Q^4+-0.0000177868*Q^5+0,-0.0000551639*J1^2*Q^3+0.0000240556*J1^1*Q^4+-0.0000039075*Q^5+0,-0.0000944720*J1^2*Q^3+0.0000563048*J1^1*Q^4+-0.0000131852*Q^5+0,-0.0000881290*J1^2*Q^3+0.0000521174*J1^1*Q^4+-0.0000121131*Q^5+0,0,0,0,0,0,0,0,0,0,0,0,0,0,0,0,0,0,0,0,0,0,0,0,0,0,0,0,0,0,0,0,0},
{0,0,0,0,0,0,0,0,0,0,0,0,0,0,0,0,0.0000358300*J1^1*Q^4+-0.0000060726*Q^5+0,-0.0000211580*J1^2*Q^3+0.0000378231*J1^1*Q^4+-0.0000107560*Q^5+0,0.0000105790*J1^1*Q^4+-0.0000023015*Q^5+0,-0.0001112652*J1^2*Q^3+0.0000769996*J1^1*Q^4+-0.0000352896*Q^5+0,0,0,0,0,0.0000413729*J1^1*Q^4+-0.0000070121*Q^5+0,-0.0000244311*J1^2*Q^3+0.0000436744*J1^1*Q^4+-0.0000124199*Q^5+0,0.0000122156*J1^1*Q^4+-0.0000026576*Q^5+0,-0.0001284780*J1^2*Q^3+0.0000889115*J1^1*Q^4+-0.0000407489*Q^5+0,0,0,0,0,0,0,0,0,0,0,0,0,0,0,0,0,0,0,0,0,0,0,0,0,0,0,0,0,0,0,0,0,0,0,0,0},
{0,0,0,0,0,0,0,0,0,0,0,0,0,0,0,0,-0.0000211580*J1^2*Q^3+-0.0000166651*J1^1*Q^4+-0.0000008592*Q^5+0,-0.0000244311*J1^2*Q^3+0.0000002722*J1^1*Q^4+-0.0000046818*Q^5+0,0.0000157185*J1^2*Q^3+-0.0000292263*J1^1*Q^4+0.0000271928*Q^5+0,-0.0000551639*J1^2*Q^3+0.0000240556*J1^1*Q^4+-0.0000039075*Q^5+0,0,0,0,0,-0.0000244311*J1^2*Q^3+-0.0000192432*J1^1*Q^4+-0.0000009921*Q^5+0,-0.0000282107*J1^2*Q^3+0.0000003143*J1^1*Q^4+-0.0000054061*Q^5+0,0.0000181501*J1^2*Q^3+-0.0000337476*J1^1*Q^4+0.0000313995*Q^5+0,-0.0000636978*J1^2*Q^3+0.0000277770*J1^1*Q^4+-0.0000045120*Q^5+0,0,0,0,0,0,0,0,0,0,0,0,0,0,0,0,0,0,0,0,0,0,0,0,0,0,0,0,0,0,0,0,0,0,0,0,0},
{0,0,0,0,0,0,0,0,0,0,0,0,0,0,0,0,0.0000105790*J1^1*Q^4+-0.0000023015*Q^5+0,-0.0000157185*J1^2*Q^3+0.0000493879*J1^1*Q^4+0.0000096900*Q^5+0,-0.0000241589*J1^1*Q^4+0.0000085283*Q^5+0,-0.0000581718*J1^2*Q^3+0.0000200172*J1^1*Q^4+-0.0000028715*Q^5+0,0,0,0,0,0.0000122156*J1^1*Q^4+-0.0000026576*Q^5+0,-0.0000181501*J1^2*Q^3+0.0000570283*J1^1*Q^4+0.0000111890*Q^5+0,-0.0000278963*J1^1*Q^4+0.0000098476*Q^5+0,-0.0000671710*J1^2*Q^3+0.0000231138*J1^1*Q^4+-0.0000033158*Q^5+0,0,0,0,0,0,0,0,0,0,0,0,0,0,0,0,0,0,0,0,0,0,0,0,0,0,0,0,0,0,0,0,0,0,0,0,0},
{0,0,0,0,0,0,0,0,0,0,0,0,0,0,0,0,-0.0000798283*J1^2*Q^3+-0.0000016146*J1^1*Q^4+-0.0000177868*Q^5+0,-0.0000551639*J1^2*Q^3+0.0000240556*J1^1*Q^4+-0.0000039075*Q^5+0,-0.0000944720*J1^2*Q^3+0.0000563048*J1^1*Q^4+-0.0000131852*Q^5+0,-0.0000881290*J1^2*Q^3+0.0000521174*J1^1*Q^4+-0.0000121131*Q^5+0,0,0,0,0,-0.0000921777*J1^2*Q^3+-0.0000018643*J1^1*Q^4+-0.0000205385*Q^5+0,-0.0000636978*J1^2*Q^3+0.0000277770*J1^1*Q^4+-0.0000045120*Q^5+0,-0.0001090869*J1^2*Q^3+0.0000650151*J1^1*Q^4+-0.0000152249*Q^5+0,-0.0001017626*J1^2*Q^3+0.0000601800*J1^1*Q^4+-0.0000139870*Q^5+0,0,0,0,0,0,0,0,0,0,0,0,0,0,0,0,0,0,0,0,0,0,0,0,0,0,0,0,0,0,0,0,0,0,0,0,0},
{0,0,0,0,0,0,0,0,0,0,0,0,0,0,0,0,0,0,0,0,0.0000358300*J1^1*Q^4+-0.0000060726*Q^5+0,-0.0000211580*J1^2*Q^3+0.0000378231*J1^1*Q^4+-0.0000107560*Q^5+0,0.0000105790*J1^1*Q^4+-0.0000023015*Q^5+0,-0.0001112652*J1^2*Q^3+0.0000769996*J1^1*Q^4+-0.0000352896*Q^5+0,0,0,0,0,0.0000413729*J1^1*Q^4+-0.0000070121*Q^5+0,-0.0000244311*J1^2*Q^3+0.0000436744*J1^1*Q^4+-0.0000124199*Q^5+0,0.0000122156*J1^1*Q^4+-0.0000026576*Q^5+0,-0.0001284780*J1^2*Q^3+0.0000889115*J1^1*Q^4+-0.0000407489*Q^5+0,0,0,0,0,0,0,0,0,0,0,0,0,0,0,0,0,0,0,0,0,0,0,0,0,0,0,0,0,0,0,0,0},
{0,0,0,0,0,0,0,0,0,0,0,0,0,0,0,0,0,0,0,0,-0.0000211580*J1^2*Q^3+-0.0000166651*J1^1*Q^4+-0.0000008592*Q^5+0,-0.0000244311*J1^2*Q^3+0.0000002722*J1^1*Q^4+-0.0000046818*Q^5+0,0.0000157185*J1^2*Q^3+-0.0000292263*J1^1*Q^4+0.0000271928*Q^5+0,-0.0000551639*J1^2*Q^3+0.0000240556*J1^1*Q^4+-0.0000039075*Q^5+0,0,0,0,0,-0.0000244311*J1^2*Q^3+-0.0000192432*J1^1*Q^4+-0.0000009921*Q^5+0,-0.0000282107*J1^2*Q^3+0.0000003143*J1^1*Q^4+-0.0000054061*Q^5+0,0.0000181501*J1^2*Q^3+-0.0000337476*J1^1*Q^4+0.0000313995*Q^5+0,-0.0000636978*J1^2*Q^3+0.0000277770*J1^1*Q^4+-0.0000045120*Q^5+0,0,0,0,0,0,0,0,0,0,0,0,0,0,0,0,0,0,0,0,0,0,0,0,0,0,0,0,0,0,0,0,0},
{0,0,0,0,0,0,0,0,0,0,0,0,0,0,0,0,0,0,0,0,0.0000105790*J1^1*Q^4+-0.0000023015*Q^5+0,-0.0000157185*J1^2*Q^3+0.0000493879*J1^1*Q^4+0.0000096900*Q^5+0,-0.0000241589*J1^1*Q^4+0.0000085283*Q^5+0,-0.0000581718*J1^2*Q^3+0.0000200172*J1^1*Q^4+-0.0000028715*Q^5+0,0,0,0,0,0.0000122156*J1^1*Q^4+-0.0000026576*Q^5+0,-0.0000181501*J1^2*Q^3+0.0000570283*J1^1*Q^4+0.0000111890*Q^5+0,-0.0000278963*J1^1*Q^4+0.0000098476*Q^5+0,-0.0000671710*J1^2*Q^3+0.0000231138*J1^1*Q^4+-0.0000033158*Q^5+0,0,0,0,0,0,0,0,0,0,0,0,0,0,0,0,0,0,0,0,0,0,0,0,0,0,0,0,0,0,0,0,0},
{0,0,0,0,0,0,0,0,0,0,0,0,0,0,0,0,0,0,0,0,-0.0000798283*J1^2*Q^3+-0.0000016146*J1^1*Q^4+-0.0000177868*Q^5+0,-0.0000551639*J1^2*Q^3+0.0000240556*J1^1*Q^4+-0.0000039075*Q^5+0,-0.0000944720*J1^2*Q^3+0.0000563048*J1^1*Q^4+-0.0000131852*Q^5+0,-0.0000881290*J1^2*Q^3+0.0000521174*J1^1*Q^4+-0.0000121131*Q^5+0,0,0,0,0,-0.0000921777*J1^2*Q^3+-0.0000018643*J1^1*Q^4+-0.0000205385*Q^5+0,-0.0000636978*J1^2*Q^3+0.0000277770*J1^1*Q^4+-0.0000045120*Q^5+0,-0.0001090869*J1^2*Q^3+0.0000650151*J1^1*Q^4+-0.0000152249*Q^5+0,-0.0001017626*J1^2*Q^3+0.0000601800*J1^1*Q^4+-0.0000139870*Q^5+0,0,0,0,0,0,0,0,0,0,0,0,0,0,0,0,0,0,0,0,0,0,0,0,0,0,0,0,0,0,0,0,0},
{0,0,0,0,0,0,0,0,0,0,0,0,0,0,0,0,0,0,0,0,0,0,0,0,0,0,0,0,0,0,0,0,0,0,0,0,0,0,0,0,0.0000358300*J1^1*Q^4+-0.0000060726*Q^5+0,-0.0000211580*J1^2*Q^3+0.0000378231*J1^1*Q^4+-0.0000107560*Q^5+0,0.0000105790*J1^1*Q^4+-0.0000023015*Q^5+0,-0.0001112652*J1^2*Q^3+0.0000769996*J1^1*Q^4+-0.0000352896*Q^5+0,0,0,0,0,0,0,0,0,0,0,0,0,0,0,0,0,0,0,0,0},
{0,0,0,0,0,0,0,0,0,0,0,0,0,0,0,0,0,0,0,0,0,0,0,0,0,0,0,0,0,0,0,0,0,0,0,0,0,0,0,0,-0.0000211580*J1^2*Q^3+-0.0000166651*J1^1*Q^4+-0.0000008592*Q^5+0,-0.0000244311*J1^2*Q^3+0.0000002722*J1^1*Q^4+-0.0000046818*Q^5+0,0.0000157185*J1^2*Q^3+-0.0000292263*J1^1*Q^4+0.0000271928*Q^5+0,-0.0000551639*J1^2*Q^3+0.0000240556*J1^1*Q^4+-0.0000039075*Q^5+0,0,0,0,0,0,0,0,0,0,0,0,0,0,0,0,0,0,0,0,0},
{0,0,0,0,0,0,0,0,0,0,0,0,0,0,0,0,0,0,0,0,0,0,0,0,0,0,0,0,0,0,0,0,0,0,0,0,0,0,0,0,0.0000105790*J1^1*Q^4+-0.0000023015*Q^5+0,-0.0000157185*J1^2*Q^3+0.0000493879*J1^1*Q^4+0.0000096900*Q^5+0,-0.0000241589*J1^1*Q^4+0.0000085283*Q^5+0,-0.0000581718*J1^2*Q^3+0.0000200172*J1^1*Q^4+-0.0000028715*Q^5+0,0,0,0,0,0,0,0,0,0,0,0,0,0,0,0,0,0,0,0,0},
{0,0,0,0,0,0,0,0,0,0,0,0,0,0,0,0,0,0,0,0,0,0,0,0,0,0,0,0,0,0,0,0,0,0,0,0,0,0,0,0,-0.0000798283*J1^2*Q^3+-0.0000016146*J1^1*Q^4+-0.0000177868*Q^5+0,-0.0000551639*J1^2*Q^3+0.0000240556*J1^1*Q^4+-0.0000039075*Q^5+0,-0.0000944720*J1^2*Q^3+0.0000563048*J1^1*Q^4+-0.0000131852*Q^5+0,-0.0000881290*J1^2*Q^3+0.0000521174*J1^1*Q^4+-0.0000121131*Q^5+0,0,0,0,0,0,0,0,0,0,0,0,0,0,0,0,0,0,0,0,0},
{0,0,0,0,0,0,0,0,0,0,0,0,0,0,0,0,0,0,0,0,0,0,0,0,0,0,0,0,0,0,0,0,0,0,0,0,0,0,0,0,0,0,0,0,0.0000358300*J1^1*Q^4+-0.0000060726*Q^5+0,-0.0000211580*J1^2*Q^3+0.0000378231*J1^1*Q^4+-0.0000107560*Q^5+0,0.0000105790*J1^1*Q^4+-0.0000023015*Q^5+0,-0.0001112652*J1^2*Q^3+0.0000769996*J1^1*Q^4+-0.0000352896*Q^5+0,0,0,0,0,0,0,0,0,0,0,0,0,0,0,0,0},
{0,0,0,0,0,0,0,0,0,0,0,0,0,0,0,0,0,0,0,0,0,0,0,0,0,0,0,0,0,0,0,0,0,0,0,0,0,0,0,0,0,0,0,0,-0.0000211580*J1^2*Q^3+-0.0000166651*J1^1*Q^4+-0.0000008592*Q^5+0,-0.0000244311*J1^2*Q^3+0.0000002722*J1^1*Q^4+-0.0000046818*Q^5+0,0.0000157185*J1^2*Q^3+-0.0000292263*J1^1*Q^4+0.0000271928*Q^5+0,-0.0000551639*J1^2*Q^3+0.0000240556*J1^1*Q^4+-0.0000039075*Q^5+0,0,0,0,0,0,0,0,0,0,0,0,0,0,0,0,0},
{0,0,0,0,0,0,0,0,0,0,0,0,0,0,0,0,0,0,0,0,0,0,0,0,0,0,0,0,0,0,0,0,0,0,0,0,0,0,0,0,0,0,0,0,0.0000105790*J1^1*Q^4+-0.0000023015*Q^5+0,-0.0000157185*J1^2*Q^3+0.0000493879*J1^1*Q^4+0.0000096900*Q^5+0,-0.0000241589*J1^1*Q^4+0.0000085283*Q^5+0,-0.0000581718*J1^2*Q^3+0.0000200172*J1^1*Q^4+-0.0000028715*Q^5+0,0,0,0,0,0,0,0,0,0,0,0,0,0,0,0,0},
{0,0,0,0,0,0,0,0,0,0,0,0,0,0,0,0,0,0,0,0,0,0,0,0,0,0,0,0,0,0,0,0,0,0,0,0,0,0,0,0,0,0,0,0,-0.0000798283*J1^2*Q^3+-0.0000016146*J1^1*Q^4+-0.0000177868*Q^5+0,-0.0000551639*J1^2*Q^3+0.0000240556*J1^1*Q^4+-0.0000039075*Q^5+0,-0.0000944720*J1^2*Q^3+0.0000563048*J1^1*Q^4+-0.0000131852*Q^5+0,-0.0000881290*J1^2*Q^3+0.0000521174*J1^1*Q^4+-0.0000121131*Q^5+0,0,0,0,0,0,0,0,0,0,0,0,0,0,0,0,0},
{0,0,0,0,0,0,0,0,0,0,0,0,0,0,0,0,0,0,0,0,0,0,0,0,0,0,0,0,0,0,0,0,0.0000358300*J1^1*Q^4+-0.0000060726*Q^5+0,-0.0000211580*J1^2*Q^3+0.0000378231*J1^1*Q^4+-0.0000107560*Q^5+0,0.0000105790*J1^1*Q^4+-0.0000023015*Q^5+0,-0.0001112652*J1^2*Q^3+0.0000769996*J1^1*Q^4+-0.0000352896*Q^5+0,0,0,0,0,0.0000413729*J1^1*Q^4+-0.0000070121*Q^5+0,-0.0000244311*J1^2*Q^3+0.0000436744*J1^1*Q^4+-0.0000124199*Q^5+0,0.0000122156*J1^1*Q^4+-0.0000026576*Q^5+0,-0.0001284780*J1^2*Q^3+0.0000889115*J1^1*Q^4+-0.0000407489*Q^5+0,0,0,0,0,0,0,0,0,0,0,0,0,0,0,0,0,0,0,0,0},
{0,0,0,0,0,0,0,0,0,0,0,0,0,0,0,0,0,0,0,0,0,0,0,0,0,0,0,0,0,0,0,0,-0.0000211580*J1^2*Q^3+-0.0000166651*J1^1*Q^4+-0.0000008592*Q^5+0,-0.0000244311*J1^2*Q^3+0.0000002722*J1^1*Q^4+-0.0000046818*Q^5+0,0.0000157185*J1^2*Q^3+-0.0000292263*J1^1*Q^4+0.0000271928*Q^5+0,-0.0000551639*J1^2*Q^3+0.0000240556*J1^1*Q^4+-0.0000039075*Q^5+0,0,0,0,0,-0.0000244311*J1^2*Q^3+-0.0000192432*J1^1*Q^4+-0.0000009921*Q^5+0,-0.0000282107*J1^2*Q^3+0.0000003143*J1^1*Q^4+-0.0000054061*Q^5+0,0.0000181501*J1^2*Q^3+-0.0000337476*J1^1*Q^4+0.0000313995*Q^5+0,-0.0000636978*J1^2*Q^3+0.0000277770*J1^1*Q^4+-0.0000045120*Q^5+0,0,0,0,0,0,0,0,0,0,0,0,0,0,0,0,0,0,0,0,0},
{0,0,0,0,0,0,0,0,0,0,0,0,0,0,0,0,0,0,0,0,0,0,0,0,0,0,0,0,0,0,0,0,0.0000105790*J1^1*Q^4+-0.0000023015*Q^5+0,-0.0000157185*J1^2*Q^3+0.0000493879*J1^1*Q^4+0.0000096900*Q^5+0,-0.0000241589*J1^1*Q^4+0.0000085283*Q^5+0,-0.0000581718*J1^2*Q^3+0.0000200172*J1^1*Q^4+-0.0000028715*Q^5+0,0,0,0,0,0.0000122156*J1^1*Q^4+-0.0000026576*Q^5+0,-0.0000181501*J1^2*Q^3+0.0000570283*J1^1*Q^4+0.0000111890*Q^5+0,-0.0000278963*J1^1*Q^4+0.0000098476*Q^5+0,-0.0000671710*J1^2*Q^3+0.0000231138*J1^1*Q^4+-0.0000033158*Q^5+0,0,0,0,0,0,0,0,0,0,0,0,0,0,0,0,0,0,0,0,0},
{0,0,0,0,0,0,0,0,0,0,0,0,0,0,0,0,0,0,0,0,0,0,0,0,0,0,0,0,0,0,0,0,-0.0000798283*J1^2*Q^3+-0.0000016146*J1^1*Q^4+-0.0000177868*Q^5+0,-0.0000551639*J1^2*Q^3+0.0000240556*J1^1*Q^4+-0.0000039075*Q^5+0,-0.0000944720*J1^2*Q^3+0.0000563048*J1^1*Q^4+-0.0000131852*Q^5+0,-0.0000881290*J1^2*Q^3+0.0000521174*J1^1*Q^4+-0.0000121131*Q^5+0,0,0,0,0,-0.0000921777*J1^2*Q^3+-0.0000018643*J1^1*Q^4+-0.0000205385*Q^5+0,-0.0000636978*J1^2*Q^3+0.0000277770*J1^1*Q^4+-0.0000045120*Q^5+0,-0.0001090869*J1^2*Q^3+0.0000650151*J1^1*Q^4+-0.0000152249*Q^5+0,-0.0001017626*J1^2*Q^3+0.0000601800*J1^1*Q^4+-0.0000139870*Q^5+0,0,0,0,0,0,0,0,0,0,0,0,0,0,0,0,0,0,0,0,0},
{0,0,0,0,0,0,0,0,0,0,0,0,0,0,0,0,0,0,0,0,0,0,0,0,0,0,0,0,0,0,0,0,0,0,0,0,0.0000358300*J1^1*Q^4+-0.0000060726*Q^5+0,-0.0000211580*J1^2*Q^3+0.0000378231*J1^1*Q^4+-0.0000107560*Q^5+0,0.0000105790*J1^1*Q^4+-0.0000023015*Q^5+0,-0.0001112652*J1^2*Q^3+0.0000769996*J1^1*Q^4+-0.0000352896*Q^5+0,0,0,0,0,0.0000413729*J1^1*Q^4+-0.0000070121*Q^5+0,-0.0000244311*J1^2*Q^3+0.0000436744*J1^1*Q^4+-0.0000124199*Q^5+0,0.0000122156*J1^1*Q^4+-0.0000026576*Q^5+0,-0.0001284780*J1^2*Q^3+0.0000889115*J1^1*Q^4+-0.0000407489*Q^5+0,0,0,0,0,0,0,0,0,0,0,0,0,0,0,0,0},
{0,0,0,0,0,0,0,0,0,0,0,0,0,0,0,0,0,0,0,0,0,0,0,0,0,0,0,0,0,0,0,0,0,0,0,0,-0.0000211580*J1^2*Q^3+-0.0000166651*J1^1*Q^4+-0.0000008592*Q^5+0,-0.0000244311*J1^2*Q^3+0.0000002722*J1^1*Q^4+-0.0000046818*Q^5+0,0.0000157185*J1^2*Q^3+-0.0000292263*J1^1*Q^4+0.0000271928*Q^5+0,-0.0000551639*J1^2*Q^3+0.0000240556*J1^1*Q^4+-0.0000039075*Q^5+0,0,0,0,0,-0.0000244311*J1^2*Q^3+-0.0000192432*J1^1*Q^4+-0.0000009921*Q^5+0,-0.0000282107*J1^2*Q^3+0.0000003143*J1^1*Q^4+-0.0000054061*Q^5+0,0.0000181501*J1^2*Q^3+-0.0000337476*J1^1*Q^4+0.0000313995*Q^5+0,-0.0000636978*J1^2*Q^3+0.0000277770*J1^1*Q^4+-0.0000045120*Q^5+0,0,0,0,0,0,0,0,0,0,0,0,0,0,0,0,0},
{0,0,0,0,0,0,0,0,0,0,0,0,0,0,0,0,0,0,0,0,0,0,0,0,0,0,0,0,0,0,0,0,0,0,0,0,0.0000105790*J1^1*Q^4+-0.0000023015*Q^5+0,-0.0000157185*J1^2*Q^3+0.0000493879*J1^1*Q^4+0.0000096900*Q^5+0,-0.0000241589*J1^1*Q^4+0.0000085283*Q^5+0,-0.0000581718*J1^2*Q^3+0.0000200172*J1^1*Q^4+-0.0000028715*Q^5+0,0,0,0,0,0.0000122156*J1^1*Q^4+-0.0000026576*Q^5+0,-0.0000181501*J1^2*Q^3+0.0000570283*J1^1*Q^4+0.0000111890*Q^5+0,-0.0000278963*J1^1*Q^4+0.0000098476*Q^5+0,-0.0000671710*J1^2*Q^3+0.0000231138*J1^1*Q^4+-0.0000033158*Q^5+0,0,0,0,0,0,0,0,0,0,0,0,0,0,0,0,0},
{0,0,0,0,0,0,0,0,0,0,0,0,0,0,0,0,0,0,0,0,0,0,0,0,0,0,0,0,0,0,0,0,0,0,0,0,-0.0000798283*J1^2*Q^3+-0.0000016146*J1^1*Q^4+-0.0000177868*Q^5+0,-0.0000551639*J1^2*Q^3+0.0000240556*J1^1*Q^4+-0.0000039075*Q^5+0,-0.0000944720*J1^2*Q^3+0.0000563048*J1^1*Q^4+-0.0000131852*Q^5+0,-0.0000881290*J1^2*Q^3+0.0000521174*J1^1*Q^4+-0.0000121131*Q^5+0,0,0,0,0,-0.0000921777*J1^2*Q^3+-0.0000018643*J1^1*Q^4+-0.0000205385*Q^5+0,-0.0000636978*J1^2*Q^3+0.0000277770*J1^1*Q^4+-0.0000045120*Q^5+0,-0.0001090869*J1^2*Q^3+0.0000650151*J1^1*Q^4+-0.0000152249*Q^5+0,-0.0001017626*J1^2*Q^3+0.0000601800*J1^1*Q^4+-0.0000139870*Q^5+0,0,0,0,0,0,0,0,0,0,0,0,0,0,0,0,0},
{0,0,0,0,0,0,0,0,0,0,0,0,0,0,0,0,0,0,0,0,0,0,0,0,0,0,0,0,0,0,0,0,0,0,0,0,0,0,0,0,0,0,0,0,0,0,0,0,0,0,0,0,0,0,0,0,0.0000358300*J1^1*Q^4+-0.0000060726*Q^5+0,-0.0000211580*J1^2*Q^3+0.0000378231*J1^1*Q^4+-0.0000107560*Q^5+0,0.0000105790*J1^1*Q^4+-0.0000023015*Q^5+0,-0.0001112652*J1^2*Q^3+0.0000769996*J1^1*Q^4+-0.0000352896*Q^5+0,0,0,0,0},
{0,0,0,0,0,0,0,0,0,0,0,0,0,0,0,0,0,0,0,0,0,0,0,0,0,0,0,0,0,0,0,0,0,0,0,0,0,0,0,0,0,0,0,0,0,0,0,0,0,0,0,0,0,0,0,0,-0.0000211580*J1^2*Q^3+-0.0000166651*J1^1*Q^4+-0.0000008592*Q^5+0,-0.0000244311*J1^2*Q^3+0.0000002722*J1^1*Q^4+-0.0000046818*Q^5+0,0.0000157185*J1^2*Q^3+-0.0000292263*J1^1*Q^4+0.0000271928*Q^5+0,-0.0000551639*J1^2*Q^3+0.0000240556*J1^1*Q^4+-0.0000039075*Q^5+0,0,0,0,0},
{0,0,0,0,0,0,0,0,0,0,0,0,0,0,0,0,0,0,0,0,0,0,0,0,0,0,0,0,0,0,0,0,0,0,0,0,0,0,0,0,0,0,0,0,0,0,0,0,0,0,0,0,0,0,0,0,0.0000105790*J1^1*Q^4+-0.0000023015*Q^5+0,-0.0000157185*J1^2*Q^3+0.0000493879*J1^1*Q^4+0.0000096900*Q^5+0,-0.0000241589*J1^1*Q^4+0.0000085283*Q^5+0,-0.0000581718*J1^2*Q^3+0.0000200172*J1^1*Q^4+-0.0000028715*Q^5+0,0,0,0,0},
{0,0,0,0,0,0,0,0,0,0,0,0,0,0,0,0,0,0,0,0,0,0,0,0,0,0,0,0,0,0,0,0,0,0,0,0,0,0,0,0,0,0,0,0,0,0,0,0,0,0,0,0,0,0,0,0,-0.0000798283*J1^2*Q^3+-0.0000016146*J1^1*Q^4+-0.0000177868*Q^5+0,-0.0000551639*J1^2*Q^3+0.0000240556*J1^1*Q^4+-0.0000039075*Q^5+0,-0.0000944720*J1^2*Q^3+0.0000563048*J1^1*Q^4+-0.0000131852*Q^5+0,-0.0000881290*J1^2*Q^3+0.0000521174*J1^1*Q^4+-0.0000121131*Q^5+0,0,0,0,0},
{0,0,0,0,0,0,0,0,0,0,0,0,0,0,0,0,0,0,0,0,0,0,0,0,0,0,0,0,0,0,0,0,0,0,0,0,0,0,0,0,0,0,0,0,0,0,0,0,0,0,0,0,0,0,0,0,0,0,0,0,0.0000358300*J1^1*Q^4+-0.0000060726*Q^5+0,-0.0000211580*J1^2*Q^3+0.0000378231*J1^1*Q^4+-0.0000107560*Q^5+0,0.0000105790*J1^1*Q^4+-0.0000023015*Q^5+0,-0.0001112652*J1^2*Q^3+0.0000769996*J1^1*Q^4+-0.0000352896*Q^5+0},
{0,0,0,0,0,0,0,0,0,0,0,0,0,0,0,0,0,0,0,0,0,0,0,0,0,0,0,0,0,0,0,0,0,0,0,0,0,0,0,0,0,0,0,0,0,0,0,0,0,0,0,0,0,0,0,0,0,0,0,0,-0.0000211580*J1^2*Q^3+-0.0000166651*J1^1*Q^4+-0.0000008592*Q^5+0,-0.0000244311*J1^2*Q^3+0.0000002722*J1^1*Q^4+-0.0000046818*Q^5+0,0.0000157185*J1^2*Q^3+-0.0000292263*J1^1*Q^4+0.0000271928*Q^5+0,-0.0000551639*J1^2*Q^3+0.0000240556*J1^1*Q^4+-0.0000039075*Q^5+0},
{0,0,0,0,0,0,0,0,0,0,0,0,0,0,0,0,0,0,0,0,0,0,0,0,0,0,0,0,0,0,0,0,0,0,0,0,0,0,0,0,0,0,0,0,0,0,0,0,0,0,0,0,0,0,0,0,0,0,0,0,0.0000105790*J1^1*Q^4+-0.0000023015*Q^5+0,-0.0000157185*J1^2*Q^3+0.0000493879*J1^1*Q^4+0.0000096900*Q^5+0,-0.0000241589*J1^1*Q^4+0.0000085283*Q^5+0,-0.0000581718*J1^2*Q^3+0.0000200172*J1^1*Q^4+-0.0000028715*Q^5+0},
{0,0,0,0,0,0,0,0,0,0,0,0,0,0,0,0,0,0,0,0,0,0,0,0,0,0,0,0,0,0,0,0,0,0,0,0,0,0,0,0,0,0,0,0,0,0,0,0,0,0,0,0,0,0,0,0,0,0,0,0,-0.0000798283*J1^2*Q^3+-0.0000016146*J1^1*Q^4+-0.0000177868*Q^5+0,-0.0000551639*J1^2*Q^3+0.0000240556*J1^1*Q^4+-0.0000039075*Q^5+0,-0.0000944720*J1^2*Q^3+0.0000563048*J1^1*Q^4+-0.0000131852*Q^5+0,-0.0000881290*J1^2*Q^3+0.0000521174*J1^1*Q^4+-0.0000121131*Q^5+0},
{0,0,0,0,0,0,0,0,0,0,0,0,0,0,0,0,0,0,0,0,0,0,0,0,0,0,0,0,0,0,0,0,0,0,0,0,0,0,0,0,0,0,0,0,0,0,0,0,0.0000358300*J1^1*Q^4+-0.0000060726*Q^5+0,-0.0000211580*J1^2*Q^3+0.0000378231*J1^1*Q^4+-0.0000107560*Q^5+0,0.0000105790*J1^1*Q^4+-0.0000023015*Q^5+0,-0.0001112652*J1^2*Q^3+0.0000769996*J1^1*Q^4+-0.0000352896*Q^5+0,0,0,0,0,0.0000413729*J1^1*Q^4+-0.0000070121*Q^5+0,-0.0000244311*J1^2*Q^3+0.0000436744*J1^1*Q^4+-0.0000124199*Q^5+0,0.0000122156*J1^1*Q^4+-0.0000026576*Q^5+0,-0.0001284780*J1^2*Q^3+0.0000889115*J1^1*Q^4+-0.0000407489*Q^5+0,0,0,0,0},
{0,0,0,0,0,0,0,0,0,0,0,0,0,0,0,0,0,0,0,0,0,0,0,0,0,0,0,0,0,0,0,0,0,0,0,0,0,0,0,0,0,0,0,0,0,0,0,0,-0.0000211580*J1^2*Q^3+-0.0000166651*J1^1*Q^4+-0.0000008592*Q^5+0,-0.0000244311*J1^2*Q^3+0.0000002722*J1^1*Q^4+-0.0000046818*Q^5+0,0.0000157185*J1^2*Q^3+-0.0000292263*J1^1*Q^4+0.0000271928*Q^5+0,-0.0000551639*J1^2*Q^3+0.0000240556*J1^1*Q^4+-0.0000039075*Q^5+0,0,0,0,0,-0.0000244311*J1^2*Q^3+-0.0000192432*J1^1*Q^4+-0.0000009921*Q^5+0,-0.0000282107*J1^2*Q^3+0.0000003143*J1^1*Q^4+-0.0000054061*Q^5+0,0.0000181501*J1^2*Q^3+-0.0000337476*J1^1*Q^4+0.0000313995*Q^5+0,-0.0000636978*J1^2*Q^3+0.0000277770*J1^1*Q^4+-0.0000045120*Q^5+0,0,0,0,0},
{0,0,0,0,0,0,0,0,0,0,0,0,0,0,0,0,0,0,0,0,0,0,0,0,0,0,0,0,0,0,0,0,0,0,0,0,0,0,0,0,0,0,0,0,0,0,0,0,0.0000105790*J1^1*Q^4+-0.0000023015*Q^5+0,-0.0000157185*J1^2*Q^3+0.0000493879*J1^1*Q^4+0.0000096900*Q^5+0,-0.0000241589*J1^1*Q^4+0.0000085283*Q^5+0,-0.0000581718*J1^2*Q^3+0.0000200172*J1^1*Q^4+-0.0000028715*Q^5+0,0,0,0,0,0.0000122156*J1^1*Q^4+-0.0000026576*Q^5+0,-0.0000181501*J1^2*Q^3+0.0000570283*J1^1*Q^4+0.0000111890*Q^5+0,-0.0000278963*J1^1*Q^4+0.0000098476*Q^5+0,-0.0000671710*J1^2*Q^3+0.0000231138*J1^1*Q^4+-0.0000033158*Q^5+0,0,0,0,0},
{0,0,0,0,0,0,0,0,0,0,0,0,0,0,0,0,0,0,0,0,0,0,0,0,0,0,0,0,0,0,0,0,0,0,0,0,0,0,0,0,0,0,0,0,0,0,0,0,-0.0000798283*J1^2*Q^3+-0.0000016146*J1^1*Q^4+-0.0000177868*Q^5+0,-0.0000551639*J1^2*Q^3+0.0000240556*J1^1*Q^4+-0.0000039075*Q^5+0,-0.0000944720*J1^2*Q^3+0.0000563048*J1^1*Q^4+-0.0000131852*Q^5+0,-0.0000881290*J1^2*Q^3+0.0000521174*J1^1*Q^4+-0.0000121131*Q^5+0,0,0,0,0,-0.0000921777*J1^2*Q^3+-0.0000018643*J1^1*Q^4+-0.0000205385*Q^5+0,-0.0000636978*J1^2*Q^3+0.0000277770*J1^1*Q^4+-0.0000045120*Q^5+0,-0.0001090869*J1^2*Q^3+0.0000650151*J1^1*Q^4+-0.0000152249*Q^5+0,-0.0001017626*J1^2*Q^3+0.0000601800*J1^1*Q^4+-0.0000139870*Q^5+0,0,0,0,0},
{0,0,0,0,0,0,0,0,0,0,0,0,0,0,0,0,0,0,0,0,0,0,0,0,0,0,0,0,0,0,0,0,0,0,0,0,0,0,0,0,0,0,0,0,0,0,0,0,0,0,0,0,0.0000358300*J1^1*Q^4+-0.0000060726*Q^5+0,-0.0000211580*J1^2*Q^3+0.0000378231*J1^1*Q^4+-0.0000107560*Q^5+0,0.0000105790*J1^1*Q^4+-0.0000023015*Q^5+0,-0.0001112652*J1^2*Q^3+0.0000769996*J1^1*Q^4+-0.0000352896*Q^5+0,0,0,0,0,0.0000413729*J1^1*Q^4+-0.0000070121*Q^5+0,-0.0000244311*J1^2*Q^3+0.0000436744*J1^1*Q^4+-0.0000124199*Q^5+0,0.0000122156*J1^1*Q^4+-0.0000026576*Q^5+0,-0.0001284780*J1^2*Q^3+0.0000889115*J1^1*Q^4+-0.0000407489*Q^5+0},
{0,0,0,0,0,0,0,0,0,0,0,0,0,0,0,0,0,0,0,0,0,0,0,0,0,0,0,0,0,0,0,0,0,0,0,0,0,0,0,0,0,0,0,0,0,0,0,0,0,0,0,0,-0.0000211580*J1^2*Q^3+-0.0000166651*J1^1*Q^4+-0.0000008592*Q^5+0,-0.0000244311*J1^2*Q^3+0.0000002722*J1^1*Q^4+-0.0000046818*Q^5+0,0.0000157185*J1^2*Q^3+-0.0000292263*J1^1*Q^4+0.0000271928*Q^5+0,-0.0000551639*J1^2*Q^3+0.0000240556*J1^1*Q^4+-0.0000039075*Q^5+0,0,0,0,0,-0.0000244311*J1^2*Q^3+-0.0000192432*J1^1*Q^4+-0.0000009921*Q^5+0,-0.0000282107*J1^2*Q^3+0.0000003143*J1^1*Q^4+-0.0000054061*Q^5+0,0.0000181501*J1^2*Q^3+-0.0000337476*J1^1*Q^4+0.0000313995*Q^5+0,-0.0000636978*J1^2*Q^3+0.0000277770*J1^1*Q^4+-0.0000045120*Q^5+0},
{0,0,0,0,0,0,0,0,0,0,0,0,0,0,0,0,0,0,0,0,0,0,0,0,0,0,0,0,0,0,0,0,0,0,0,0,0,0,0,0,0,0,0,0,0,0,0,0,0,0,0,0,0.0000105790*J1^1*Q^4+-0.0000023015*Q^5+0,-0.0000157185*J1^2*Q^3+0.0000493879*J1^1*Q^4+0.0000096900*Q^5+0,-0.0000241589*J1^1*Q^4+0.0000085283*Q^5+0,-0.0000581718*J1^2*Q^3+0.0000200172*J1^1*Q^4+-0.0000028715*Q^5+0,0,0,0,0,0.0000122156*J1^1*Q^4+-0.0000026576*Q^5+0,-0.0000181501*J1^2*Q^3+0.0000570283*J1^1*Q^4+0.0000111890*Q^5+0,-0.0000278963*J1^1*Q^4+0.0000098476*Q^5+0,-0.0000671710*J1^2*Q^3+0.0000231138*J1^1*Q^4+-0.0000033158*Q^5+0},
{0,0,0,0,0,0,0,0,0,0,0,0,0,0,0,0,0,0,0,0,0,0,0,0,0,0,0,0,0,0,0,0,0,0,0,0,0,0,0,0,0,0,0,0,0,0,0,0,0,0,0,0,-0.0000798283*J1^2*Q^3+-0.0000016146*J1^1*Q^4+-0.0000177868*Q^5+0,-0.0000551639*J1^2*Q^3+0.0000240556*J1^1*Q^4+-0.0000039075*Q^5+0,-0.0000944720*J1^2*Q^3+0.0000563048*J1^1*Q^4+-0.0000131852*Q^5+0,-0.0000881290*J1^2*Q^3+0.0000521174*J1^1*Q^4+-0.0000121131*Q^5+0,0,0,0,0,-0.0000921777*J1^2*Q^3+-0.0000018643*J1^1*Q^4+-0.0000205385*Q^5+0,-0.0000636978*J1^2*Q^3+0.0000277770*J1^1*Q^4+-0.0000045120*Q^5+0,-0.0001090869*J1^2*Q^3+0.0000650151*J1^1*Q^4+-0.0000152249*Q^5+0,-0.0001017626*J1^2*Q^3+0.0000601800*J1^1*Q^4+-0.0000139870*Q^5+0}
}