64
{{0,-0.0000028849*Q^5+0,0,-0.0001039039*J1^2*Q^3+0.0000791961*J1^1*Q^4+-0.0000159276*Q^5+0,0,0.0000312655*J1^1*Q^4+-0.0000074732*Q^5+0,0,-0.0000320549*J1^2*Q^3+0.0000185471*J1^1*Q^4+0.0000038423*Q^5+0,0,0,0,0,0,0,0,0,0,0,0,0,0,0,0,0,0,0,0,0,0,0,0,0,0,0,0,0,0,0,0,0,0,0,0,0,0,0,0,0,0,0,0,0,0,0,0,0,0,0,0,0,0,0,0,0},
{-0.0000028849*Q^5+0,0.0000033312*Q^5+0,-0.0001039039*J1^2*Q^3+0.0000791961*J1^1*Q^4+-0.0000159276*Q^5+0,0.0001199779*J1^2*Q^3+-0.0000914477*J1^1*Q^4+0.0000183916*Q^5+0,0.0000312655*J1^1*Q^4+-0.0000074732*Q^5+0,-0.0000361023*J1^1*Q^4+0.0000086293*Q^5+0,-0.0000320549*J1^2*Q^3+0.0000185471*J1^1*Q^4+0.0000038423*Q^5+0,0.0000370138*J1^2*Q^3+-0.0000214163*J1^1*Q^4+-0.0000044367*Q^5+0,0,0,0,0,0,0,0,0,0,0,0,0,0,0,0,0,0,0,0,0,0,0,0,0,0,0,0,0,0,0,0,0,0,0,0,0,0,0,0,0,0,0,0,0,0,0,0,0,0,0,0,0,0,0,0,0},
{0,-0.0001039039*J1^2*Q^3+0.0000247078*J1^1*Q^4+-0.0000060308*Q^5+0,0,0.0001199779*J1^2*Q^3+-0.0000599889*J1^1*Q^4+0.0000136393*Q^5+0,0,0.0000320549*J1^2*Q^3+-0.0000185471*J1^1*Q^4+-0.0000017171*Q^5+0,0,-0.0000104218*J1^1*Q^4+0.0000012641*Q^5+0,0,0,0,0,0,0,0,0,0,0,0,0,0,0,0,0,0,0,0,0,0,0,0,0,0,0,0,0,0,0,0,0,0,0,0,0,0,0,0,0,0,0,0,0,0,0,0,0,0,0,0,0,0,0,0,0},
{-0.0001039039*J1^2*Q^3+0.0000247078*J1^1*Q^4+-0.0000060308*Q^5+0,0.0001199779*J1^2*Q^3+-0.0000285301*J1^1*Q^4+0.0000069638*Q^5+0,0.0001199779*J1^2*Q^3+-0.0000599889*J1^1*Q^4+0.0000136393*Q^5+0,-0.0001385385*J1^2*Q^3+0.0000692693*J1^1*Q^4+-0.0000157493*Q^5+0,0.0000320549*J1^2*Q^3+-0.0000185471*J1^1*Q^4+-0.0000017171*Q^5+0,-0.0000370138*J1^2*Q^3+0.0000214163*J1^1*Q^4+0.0000019828*Q^5+0,-0.0000104218*J1^1*Q^4+0.0000012641*Q^5+0,0.0000120341*J1^1*Q^4+-0.0000014596*Q^5+0,0,0,0,0,0,0,0,0,0,0,0,0,0,0,0,0,0,0,0,0,0,0,0,0,0,0,0,0,0,0,0,0,0,0,0,0,0,0,0,0,0,0,0,0,0,0,0,0,0,0,0,0,0,0,0,0},
{0,0.0000312655*J1^1*Q^4+-0.0000074732*Q^5+0,0,0.0000634918*J1^2*Q^3+-0.0000971613*J1^1*Q^4+0.0000157856*Q^5+0,0,-0.0000116711*J1^1*Q^4+0.0000004292*Q^5+0,0,0.0000245741*J1^2*Q^3+-0.0000213558*J1^1*Q^4+0.0000023001*Q^5+0,0,0,0,0,0,0,0,0,0,0,0,0,0,0,0,0,0,0,0,0,0,0,0,0,0,0,0,0,0,0,0,0,0,0,0,0,0,0,0,0,0,0,0,0,0,0,0,0,0,0,0,0,0,0,0,0},
{0.0000312655*J1^1*Q^4+-0.0000074732*Q^5+0,-0.0000361023*J1^1*Q^4+0.0000086293*Q^5+0,0.0000634918*J1^2*Q^3+-0.0000971613*J1^1*Q^4+0.0000157856*Q^5+0,-0.0000733140*J1^2*Q^3+0.0001121922*J1^1*Q^4+-0.0000182277*Q^5+0,-0.0000116711*J1^1*Q^4+0.0000004292*Q^5+0,0.0000134766*J1^1*Q^4+-0.0000004956*Q^5+0,0.0000245741*J1^2*Q^3+-0.0000213558*J1^1*Q^4+0.0000023001*Q^5+0,-0.0000283757*J1^2*Q^3+0.0000246595*J1^1*Q^4+-0.0000026559*Q^5+0,0,0,0,0,0,0,0,0,0,0,0,0,0,0,0,0,0,0,0,0,0,0,0,0,0,0,0,0,0,0,0,0,0,0,0,0,0,0,0,0,0,0,0,0,0,0,0,0,0,0,0,0,0,0,0,0},
{0,-0.0000634918*J1^2*Q^3+0.0000971613*J1^1*Q^4+-0.0000136605*Q^5+0,0,-0.0000104218*J1^1*Q^4+0.0000012641*Q^5+0,0,-0.0000117261*J1^2*Q^3+0.0000149318*J1^1*Q^4+-0.0000080136*Q^5+0,0,-0.0000074178*J1^2*Q^3+0.0000075993*J1^1*Q^4+0.0000031556*Q^5+0,0,0,0,0,0,0,0,0,0,0,0,0,0,0,0,0,0,0,0,0,0,0,0,0,0,0,0,0,0,0,0,0,0,0,0,0,0,0,0,0,0,0,0,0,0,0,0,0,0,0,0,0,0,0,0,0},
{-0.0000634918*J1^2*Q^3+0.0000971613*J1^1*Q^4+-0.0000136605*Q^5+0,0.0000733140*J1^2*Q^3+-0.0001121922*J1^1*Q^4+0.0000157738*Q^5+0,-0.0000104218*J1^1*Q^4+0.0000012641*Q^5+0,0.0000120341*J1^1*Q^4+-0.0000014596*Q^5+0,-0.0000117261*J1^2*Q^3+0.0000149318*J1^1*Q^4+-0.0000080136*Q^5+0,0.0000135402*J1^2*Q^3+-0.0000172418*J1^1*Q^4+0.0000092533*Q^5+0,-0.0000074178*J1^2*Q^3+0.0000075993*J1^1*Q^4+0.0000031556*Q^5+0,0.0000085653*J1^2*Q^3+-0.0000087749*J1^1*Q^4+-0.0000036438*Q^5+0,0,0,0,0,0,0,0,0,0,0,0,0,0,0,0,0,0,0,0,0,0,0,0,0,0,0,0,0,0,0,0,0,0,0,0,0,0,0,0,0,0,0,0,0,0,0,0,0,0,0,0,0,0,0,0,0},
{0,0,0,0,0,0,0,0,0,-0.0000028849*Q^5+0,0,-0.0001039039*J1^2*Q^3+0.0000791961*J1^1*Q^4+-0.0000159276*Q^5+0,0,0.0000312655*J1^1*Q^4+-0.0000074732*Q^5+0,0,-0.0000320549*J1^2*Q^3+0.0000185471*J1^1*Q^4+0.0000038423*Q^5+0,0,0,0,0,0,0,0,0,0,0,0,0,0,0,0,0,0,0,0,0,0,0,0,0,0,0,0,0,0,0,0,0,0,0,0,0,0,0,0,0,0,0,0,0,0,0,0,0},
{0,0,0,0,0,0,0,0,-0.0000028849*Q^5+0,0.0000033312*Q^5+0,-0.0001039039*J1^2*Q^3+0.0000791961*J1^1*Q^4+-0.0000159276*Q^5+0,0.0001199779*J1^2*Q^3+-0.0000914477*J1^1*Q^4+0.0000183916*Q^5+0,0.0000312655*J1^1*Q^4+-0.0000074732*Q^5+0,-0.0000361023*J1^1*Q^4+0.0000086293*Q^5+0,-0.0000320549*J1^2*Q^3+0.0000185471*J1^1*Q^4+0.0000038423*Q^5+0,0.0000370138*J1^2*Q^3+-0.0000214163*J1^1*Q^4+-0.0000044367*Q^5+0,0,0,0,0,0,0,0,0,0,0,0,0,0,0,0,0,0,0,0,0,0,0,0,0,0,0,0,0,0,0,0,0,0,0,0,0,0,0,0,0,0,0,0,0,0,0,0,0},
{0,0,0,0,0,0,0,0,0,-0.0001039039*J1^2*Q^3+0.0000247078*J1^1*Q^4+-0.0000060308*Q^5+0,0,0.0001199779*J1^2*Q^3+-0.0000599889*J1^1*Q^4+0.0000136393*Q^5+0,0,0.0000320549*J1^2*Q^3+-0.0000185471*J1^1*Q^4+-0.0000017171*Q^5+0,0,-0.0000104218*J1^1*Q^4+0.0000012641*Q^5+0,0,0,0,0,0,0,0,0,0,0,0,0,0,0,0,0,0,0,0,0,0,0,0,0,0,0,0,0,0,0,0,0,0,0,0,0,0,0,0,0,0,0,0,0,0,0,0,0},
{0,0,0,0,0,0,0,0,-0.0001039039*J1^2*Q^3+0.0000247078*J1^1*Q^4+-0.0000060308*Q^5+0,0.0001199779*J1^2*Q^3+-0.0000285301*J1^1*Q^4+0.0000069638*Q^5+0,0.0001199779*J1^2*Q^3+-0.0000599889*J1^1*Q^4+0.0000136393*Q^5+0,-0.0001385385*J1^2*Q^3+0.0000692693*J1^1*Q^4+-0.0000157493*Q^5+0,0.0000320549*J1^2*Q^3+-0.0000185471*J1^1*Q^4+-0.0000017171*Q^5+0,-0.0000370138*J1^2*Q^3+0.0000214163*J1^1*Q^4+0.0000019828*Q^5+0,-0.0000104218*J1^1*Q^4+0.0000012641*Q^5+0,0.0000120341*J1^1*Q^4+-0.0000014596*Q^5+0,0,0,0,0,0,0,0,0,0,0,0,0,0,0,0,0,0,0,0,0,0,0,0,0,0,0,0,0,0,0,0,0,0,0,0,0,0,0,0,0,0,0,0,0,0,0,0,0},
{0,0,0,0,0,0,0,0,0,0.0000312655*J1^1*Q^4+-0.0000074732*Q^5+0,0,0.0000634918*J1^2*Q^3+-0.0000971613*J1^1*Q^4+0.0000157856*Q^5+0,0,-0.0000116711*J1^1*Q^4+0.0000004292*Q^5+0,0,0.0000245741*J1^2*Q^3+-0.0000213558*J1^1*Q^4+0.0000023001*Q^5+0,0,0,0,0,0,0,0,0,0,0,0,0,0,0,0,0,0,0,0,0,0,0,0,0,0,0,0,0,0,0,0,0,0,0,0,0,0,0,0,0,0,0,0,0,0,0,0,0},
{0,0,0,0,0,0,0,0,0.0000312655*J1^1*Q^4+-0.0000074732*Q^5+0,-0.0000361023*J1^1*Q^4+0.0000086293*Q^5+0,0.0000634918*J1^2*Q^3+-0.0000971613*J1^1*Q^4+0.0000157856*Q^5+0,-0.0000733140*J1^2*Q^3+0.0001121922*J1^1*Q^4+-0.0000182277*Q^5+0,-0.0000116711*J1^1*Q^4+0.0000004292*Q^5+0,0.0000134766*J1^1*Q^4+-0.0000004956*Q^5+0,0.0000245741*J1^2*Q^3+-0.0000213558*J1^1*Q^4+0.0000023001*Q^5+0,-0.0000283757*J1^2*Q^3+0.0000246595*J1^1*Q^4+-0.0000026559*Q^5+0,0,0,0,0,0,0,0,0,0,0,0,0,0,0,0,0,0,0,0,0,0,0,0,0,0,0,0,0,0,0,0,0,0,0,0,0,0,0,0,0,0,0,0,0,0,0,0,0},
{0,0,0,0,0,0,0,0,0,-0.0000634918*J1^2*Q^3+0.0000971613*J1^1*Q^4+-0.0000136605*Q^5+0,0,-0.0000104218*J1^1*Q^4+0.0000012641*Q^5+0,0,-0.0000117261*J1^2*Q^3+0.0000149318*J1^1*Q^4+-0.0000080136*Q^5+0,0,-0.0000074178*J1^2*Q^3+0.0000075993*J1^1*Q^4+0.0000031556*Q^5+0,0,0,0,0,0,0,0,0,0,0,0,0,0,0,0,0,0,0,0,0,0,0,0,0,0,0,0,0,0,0,0,0,0,0,0,0,0,0,0,0,0,0,0,0,0,0,0,0},
{0,0,0,0,0,0,0,0,-0.0000634918*J1^2*Q^3+0.0000971613*J1^1*Q^4+-0.0000136605*Q^5+0,0.0000733140*J1^2*Q^3+-0.0001121922*J1^1*Q^4+0.0000157738*Q^5+0,-0.0000104218*J1^1*Q^4+0.0000012641*Q^5+0,0.0000120341*J1^1*Q^4+-0.0000014596*Q^5+0,-0.0000117261*J1^2*Q^3+0.0000149318*J1^1*Q^4+-0.0000080136*Q^5+0,0.0000135402*J1^2*Q^3+-0.0000172418*J1^1*Q^4+0.0000092533*Q^5+0,-0.0000074178*J1^2*Q^3+0.0000075993*J1^1*Q^4+0.0000031556*Q^5+0,0.0000085653*J1^2*Q^3+-0.0000087749*J1^1*Q^4+-0.0000036438*Q^5+0,0,0,0,0,0,0,0,0,0,0,0,0,0,0,0,0,0,0,0,0,0,0,0,0,0,0,0,0,0,0,0,0,0,0,0,0,0,0,0,0,0,0,0,0,0,0,0,0},
{0,0,0,0,0,0,0,0,0,0,0,0,0,0,0,0,0,-0.0000028849*Q^5+0,0,-0.0001039039*J1^2*Q^3+0.0000791961*J1^1*Q^4+-0.0000159276*Q^5+0,0,0.0000312655*J1^1*Q^4+-0.0000074732*Q^5+0,0,-0.0000320549*J1^2*Q^3+0.0000185471*J1^1*Q^4+0.0000038423*Q^5+0,0,0,0,0,0,0,0,0,0,0,0,0,0,0,0,0,0,0,0,0,0,0,0,0,0,0,0,0,0,0,0,0,0,0,0,0,0,0,0,0},
{0,0,0,0,0,0,0,0,0,0,0,0,0,0,0,0,-0.0000028849*Q^5+0,0.0000033312*Q^5+0,-0.0001039039*J1^2*Q^3+0.0000791961*J1^1*Q^4+-0.0000159276*Q^5+0,0.0001199779*J1^2*Q^3+-0.0000914477*J1^1*Q^4+0.0000183916*Q^5+0,0.0000312655*J1^1*Q^4+-0.0000074732*Q^5+0,-0.0000361023*J1^1*Q^4+0.0000086293*Q^5+0,-0.0000320549*J1^2*Q^3+0.0000185471*J1^1*Q^4+0.0000038423*Q^5+0,0.0000370138*J1^2*Q^3+-0.0000214163*J1^1*Q^4+-0.0000044367*Q^5+0,0,0,0,0,0,0,0,0,0,0,0,0,0,0,0,0,0,0,0,0,0,0,0,0,0,0,0,0,0,0,0,0,0,0,0,0,0,0,0,0},
{0,0,0,0,0,0,0,0,0,0,0,0,0,0,0,0,0,-0.0001039039*J1^2*Q^3+0.0000247078*J1^1*Q^4+-0.0000060308*Q^5+0,0,0.0001199779*J1^2*Q^3+-0.0000599889*J1^1*Q^4+0.0000136393*Q^5+0,0,0.0000320549*J1^2*Q^3+-0.0000185471*J1^1*Q^4+-0.0000017171*Q^5+0,0,-0.0000104218*J1^1*Q^4+0.0000012641*Q^5+0,0,0,0,0,0,0,0,0,0,0,0,0,0,0,0,0,0,0,0,0,0,0,0,0,0,0,0,0,0,0,0,0,0,0,0,0,0,0,0,0},
{0,0,0,0,0,0,0,0,0,0,0,0,0,0,0,0,-0.0001039039*J1^2*Q^3+0.0000247078*J1^1*Q^4+-0.0000060308*Q^5+0,0.0001199779*J1^2*Q^3+-0.0000285301*J1^1*Q^4+0.0000069638*Q^5+0,0.0001199779*J1^2*Q^3+-0.0000599889*J1^1*Q^4+0.0000136393*Q^5+0,-0.0001385385*J1^2*Q^3+0.0000692693*J1^1*Q^4+-0.0000157493*Q^5+0,0.0000320549*J1^2*Q^3+-0.0000185471*J1^1*Q^4+-0.0000017171*Q^5+0,-0.0000370138*J1^2*Q^3+0.0000214163*J1^1*Q^4+0.0000019828*Q^5+0,-0.0000104218*J1^1*Q^4+0.0000012641*Q^5+0,0.0000120341*J1^1*Q^4+-0.0000014596*Q^5+0,0,0,0,0,0,0,0,0,0,0,0,0,0,0,0,0,0,0,0,0,0,0,0,0,0,0,0,0,0,0,0,0,0,0,0,0,0,0,0,0},
{0,0,0,0,0,0,0,0,0,0,0,0,0,0,0,0,0,0.0000312655*J1^1*Q^4+-0.0000074732*Q^5+0,0,0.0000634918*J1^2*Q^3+-0.0000971613*J1^1*Q^4+0.0000157856*Q^5+0,0,-0.0000116711*J1^1*Q^4+0.0000004292*Q^5+0,0,0.0000245741*J1^2*Q^3+-0.0000213558*J1^1*Q^4+0.0000023001*Q^5+0,0,0,0,0,0,0,0,0,0,0,0,0,0,0,0,0,0,0,0,0,0,0,0,0,0,0,0,0,0,0,0,0,0,0,0,0,0,0,0,0},
{0,0,0,0,0,0,0,0,0,0,0,0,0,0,0,0,0.0000312655*J1^1*Q^4+-0.0000074732*Q^5+0,-0.0000361023*J1^1*Q^4+0.0000086293*Q^5+0,0.0000634918*J1^2*Q^3+-0.0000971613*J1^1*Q^4+0.0000157856*Q^5+0,-0.0000733140*J1^2*Q^3+0.0001121922*J1^1*Q^4+-0.0000182277*Q^5+0,-0.0000116711*J1^1*Q^4+0.0000004292*Q^5+0,0.0000134766*J1^1*Q^4+-0.0000004956*Q^5+0,0.0000245741*J1^2*Q^3+-0.0000213558*J1^1*Q^4+0.0000023001*Q^5+0,-0.0000283757*J1^2*Q^3+0.0000246595*J1^1*Q^4+-0.0000026559*Q^5+0,0,0,0,0,0,0,0,0,0,0,0,0,0,0,0,0,0,0,0,0,0,0,0,0,0,0,0,0,0,0,0,0,0,0,0,0,0,0,0,0},
{0,0,0,0,0,0,0,0,0,0,0,0,0,0,0,0,0,-0.0000634918*J1^2*Q^3+0.0000971613*J1^1*Q^4+-0.0000136605*Q^5+0,0,-0.0000104218*J1^1*Q^4+0.0000012641*Q^5+0,0,-0.0000117261*J1^2*Q^3+0.0000149318*J1^1*Q^4+-0.0000080136*Q^5+0,0,-0.0000074178*J1^2*Q^3+0.0000075993*J1^1*Q^4+0.0000031556*Q^5+0,0,0,0,0,0,0,0,0,0,0,0,0,0,0,0,0,0,0,0,0,0,0,0,0,0,0,0,0,0,0,0,0,0,0,0,0,0,0,0,0},
{0,0,0,0,0,0,0,0,0,0,0,0,0,0,0,0,-0.0000634918*J1^2*Q^3+0.0000971613*J1^1*Q^4+-0.0000136605*Q^5+0,0.0000733140*J1^2*Q^3+-0.0001121922*J1^1*Q^4+0.0000157738*Q^5+0,-0.0000104218*J1^1*Q^4+0.0000012641*Q^5+0,0.0000120341*J1^1*Q^4+-0.0000014596*Q^5+0,-0.0000117261*J1^2*Q^3+0.0000149318*J1^1*Q^4+-0.0000080136*Q^5+0,0.0000135402*J1^2*Q^3+-0.0000172418*J1^1*Q^4+0.0000092533*Q^5+0,-0.0000074178*J1^2*Q^3+0.0000075993*J1^1*Q^4+0.0000031556*Q^5+0,0.0000085653*J1^2*Q^3+-0.0000087749*J1^1*Q^4+-0.0000036438*Q^5+0,0,0,0,0,0,0,0,0,0,0,0,0,0,0,0,0,0,0,0,0,0,0,0,0,0,0,0,0,0,0,0,0,0,0,0,0,0,0,0,0},
{0,0,0,0,0,0,0,0,0,0,0,0,0,0,0,0,0,0,0,0,0,0,0,0,0,-0.0000028849*Q^5+0,0,-0.0001039039*J1^2*Q^3+0.0000791961*J1^1*Q^4+-0.0000159276*Q^5+0,0,0.0000312655*J1^1*Q^4+-0.0000074732*Q^5+0,0,-0.0000320549*J1^2*Q^3+0.0000185471*J1^1*Q^4+0.0000038423*Q^5+0,0,0,0,0,0,0,0,0,0,0,0,0,0,0,0,0,0,0,0,0,0,0,0,0,0,0,0,0,0,0,0,0},
{0,0,0,0,0,0,0,0,0,0,0,0,0,0,0,0,0,0,0,0,0,0,0,0,-0.0000028849*Q^5+0,0.0000033312*Q^5+0,-0.0001039039*J1^2*Q^3+0.0000791961*J1^1*Q^4+-0.0000159276*Q^5+0,0.0001199779*J1^2*Q^3+-0.0000914477*J1^1*Q^4+0.0000183916*Q^5+0,0.0000312655*J1^1*Q^4+-0.0000074732*Q^5+0,-0.0000361023*J1^1*Q^4+0.0000086293*Q^5+0,-0.0000320549*J1^2*Q^3+0.0000185471*J1^1*Q^4+0.0000038423*Q^5+0,0.0000370138*J1^2*Q^3+-0.0000214163*J1^1*Q^4+-0.0000044367*Q^5+0,0,0,0,0,0,0,0,0,0,0,0,0,0,0,0,0,0,0,0,0,0,0,0,0,0,0,0,0,0,0,0,0},
{0,0,0,0,0,0,0,0,0,0,0,0,0,0,0,0,0,0,0,0,0,0,0,0,0,-0.0001039039*J1^2*Q^3+0.0000247078*J1^1*Q^4+-0.0000060308*Q^5+0,0,0.0001199779*J1^2*Q^3+-0.0000599889*J1^1*Q^4+0.0000136393*Q^5+0,0,0.0000320549*J1^2*Q^3+-0.0000185471*J1^1*Q^4+-0.0000017171*Q^5+0,0,-0.0000104218*J1^1*Q^4+0.0000012641*Q^5+0,0,0,0,0,0,0,0,0,0,0,0,0,0,0,0,0,0,0,0,0,0,0,0,0,0,0,0,0,0,0,0,0},
{0,0,0,0,0,0,0,0,0,0,0,0,0,0,0,0,0,0,0,0,0,0,0,0,-0.0001039039*J1^2*Q^3+0.0000247078*J1^1*Q^4+-0.0000060308*Q^5+0,0.0001199779*J1^2*Q^3+-0.0000285301*J1^1*Q^4+0.0000069638*Q^5+0,0.0001199779*J1^2*Q^3+-0.0000599889*J1^1*Q^4+0.0000136393*Q^5+0,-0.0001385385*J1^2*Q^3+0.0000692693*J1^1*Q^4+-0.0000157493*Q^5+0,0.0000320549*J1^2*Q^3+-0.0000185471*J1^1*Q^4+-0.0000017171*Q^5+0,-0.0000370138*J1^2*Q^3+0.0000214163*J1^1*Q^4+0.0000019828*Q^5+0,-0.0000104218*J1^1*Q^4+0.0000012641*Q^5+0,0.0000120341*J1^1*Q^4+-0.0000014596*Q^5+0,0,0,0,0,0,0,0,0,0,0,0,0,0,0,0,0,0,0,0,0,0,0,0,0,0,0,0,0,0,0,0,0},
{0,0,0,0,0,0,0,0,0,0,0,0,0,0,0,0,0,0,0,0,0,0,0,0,0,0.0000312655*J1^1*Q^4+-0.0000074732*Q^5+0,0,0.0000634918*J1^2*Q^3+-0.0000971613*J1^1*Q^4+0.0000157856*Q^5+0,0,-0.0000116711*J1^1*Q^4+0.0000004292*Q^5+0,0,0.0000245741*J1^2*Q^3+-0.0000213558*J1^1*Q^4+0.0000023001*Q^5+0,0,0,0,0,0,0,0,0,0,0,0,0,0,0,0,0,0,0,0,0,0,0,0,0,0,0,0,0,0,0,0,0},
{0,0,0,0,0,0,0,0,0,0,0,0,0,0,0,0,0,0,0,0,0,0,0,0,0.0000312655*J1^1*Q^4+-0.0000074732*Q^5+0,-0.0000361023*J1^1*Q^4+0.0000086293*Q^5+0,0.0000634918*J1^2*Q^3+-0.0000971613*J1^1*Q^4+0.0000157856*Q^5+0,-0.0000733140*J1^2*Q^3+0.0001121922*J1^1*Q^4+-0.0000182277*Q^5+0,-0.0000116711*J1^1*Q^4+0.0000004292*Q^5+0,0.0000134766*J1^1*Q^4+-0.0000004956*Q^5+0,0.0000245741*J1^2*Q^3+-0.0000213558*J1^1*Q^4+0.0000023001*Q^5+0,-0.0000283757*J1^2*Q^3+0.0000246595*J1^1*Q^4+-0.0000026559*Q^5+0,0,0,0,0,0,0,0,0,0,0,0,0,0,0,0,0,0,0,0,0,0,0,0,0,0,0,0,0,0,0,0,0},
{0,0,0,0,0,0,0,0,0,0,0,0,0,0,0,0,0,0,0,0,0,0,0,0,0,-0.0000634918*J1^2*Q^3+0.0000971613*J1^1*Q^4+-0.0000136605*Q^5+0,0,-0.0000104218*J1^1*Q^4+0.0000012641*Q^5+0,0,-0.0000117261*J1^2*Q^3+0.0000149318*J1^1*Q^4+-0.0000080136*Q^5+0,0,-0.0000074178*J1^2*Q^3+0.0000075993*J1^1*Q^4+0.0000031556*Q^5+0,0,0,0,0,0,0,0,0,0,0,0,0,0,0,0,0,0,0,0,0,0,0,0,0,0,0,0,0,0,0,0,0},
{0,0,0,0,0,0,0,0,0,0,0,0,0,0,0,0,0,0,0,0,0,0,0,0,-0.0000634918*J1^2*Q^3+0.0000971613*J1^1*Q^4+-0.0000136605*Q^5+0,0.0000733140*J1^2*Q^3+-0.0001121922*J1^1*Q^4+0.0000157738*Q^5+0,-0.0000104218*J1^1*Q^4+0.0000012641*Q^5+0,0.0000120341*J1^1*Q^4+-0.0000014596*Q^5+0,-0.0000117261*J1^2*Q^3+0.0000149318*J1^1*Q^4+-0.0000080136*Q^5+0,0.0000135402*J1^2*Q^3+-0.0000172418*J1^1*Q^4+0.0000092533*Q^5+0,-0.0000074178*J1^2*Q^3+0.0000075993*J1^1*Q^4+0.0000031556*Q^5+0,0.0000085653*J1^2*Q^3+-0.0000087749*J1^1*Q^4+-0.0000036438*Q^5+0,0,0,0,0,0,0,0,0,0,0,0,0,0,0,0,0,0,0,0,0,0,0,0,0,0,0,0,0,0,0,0,0},
{0,0,0,0,0,0,0,0,0,0,0,0,0,0,0,0,0,0,0,0,0,0,0,0,0,0,0,0,0,0,0,0,0,-0.0000028849*Q^5+0,0,-0.0001039039*J1^2*Q^3+0.0000791961*J1^1*Q^4+-0.0000159276*Q^5+0,0,0.0000312655*J1^1*Q^4+-0.0000074732*Q^5+0,0,-0.0000320549*J1^2*Q^3+0.0000185471*J1^1*Q^4+0.0000038423*Q^5+0,0,0,0,0,0,0,0,0,0,0,0,0,0,0,0,0,0,0,0,0,0,0,0,0},
{0,0,0,0,0,0,0,0,0,0,0,0,0,0,0,0,0,0,0,0,0,0,0,0,0,0,0,0,0,0,0,0,-0.0000028849*Q^5+0,0.0000033312*Q^5+0,-0.0001039039*J1^2*Q^3+0.0000791961*J1^1*Q^4+-0.0000159276*Q^5+0,0.0001199779*J1^2*Q^3+-0.0000914477*J1^1*Q^4+0.0000183916*Q^5+0,0.0000312655*J1^1*Q^4+-0.0000074732*Q^5+0,-0.0000361023*J1^1*Q^4+0.0000086293*Q^5+0,-0.0000320549*J1^2*Q^3+0.0000185471*J1^1*Q^4+0.0000038423*Q^5+0,0.0000370138*J1^2*Q^3+-0.0000214163*J1^1*Q^4+-0.0000044367*Q^5+0,0,0,0,0,0,0,0,0,0,0,0,0,0,0,0,0,0,0,0,0,0,0,0,0},
{0,0,0,0,0,0,0,0,0,0,0,0,0,0,0,0,0,0,0,0,0,0,0,0,0,0,0,0,0,0,0,0,0,-0.0001039039*J1^2*Q^3+0.0000247078*J1^1*Q^4+-0.0000060308*Q^5+0,0,0.0001199779*J1^2*Q^3+-0.0000599889*J1^1*Q^4+0.0000136393*Q^5+0,0,0.0000320549*J1^2*Q^3+-0.0000185471*J1^1*Q^4+-0.0000017171*Q^5+0,0,-0.0000104218*J1^1*Q^4+0.0000012641*Q^5+0,0,0,0,0,0,0,0,0,0,0,0,0,0,0,0,0,0,0,0,0,0,0,0,0},
{0,0,0,0,0,0,0,0,0,0,0,0,0,0,0,0,0,0,0,0,0,0,0,0,0,0,0,0,0,0,0,0,-0.0001039039*J1^2*Q^3+0.0000247078*J1^1*Q^4+-0.0000060308*Q^5+0,0.0001199779*J1^2*Q^3+-0.0000285301*J1^1*Q^4+0.0000069638*Q^5+0,0.0001199779*J1^2*Q^3+-0.0000599889*J1^1*Q^4+0.0000136393*Q^5+0,-0.0001385385*J1^2*Q^3+0.0000692693*J1^1*Q^4+-0.0000157493*Q^5+0,0.0000320549*J1^2*Q^3+-0.0000185471*J1^1*Q^4+-0.0000017171*Q^5+0,-0.0000370138*J1^2*Q^3+0.0000214163*J1^1*Q^4+0.0000019828*Q^5+0,-0.0000104218*J1^1*Q^4+0.0000012641*Q^5+0,0.0000120341*J1^1*Q^4+-0.0000014596*Q^5+0,0,0,0,0,0,0,0,0,0,0,0,0,0,0,0,0,0,0,0,0,0,0,0,0},
{0,0,0,0,0,0,0,0,0,0,0,0,0,0,0,0,0,0,0,0,0,0,0,0,0,0,0,0,0,0,0,0,0,0.0000312655*J1^1*Q^4+-0.0000074732*Q^5+0,0,0.0000634918*J1^2*Q^3+-0.0000971613*J1^1*Q^4+0.0000157856*Q^5+0,0,-0.0000116711*J1^1*Q^4+0.0000004292*Q^5+0,0,0.0000245741*J1^2*Q^3+-0.0000213558*J1^1*Q^4+0.0000023001*Q^5+0,0,0,0,0,0,0,0,0,0,0,0,0,0,0,0,0,0,0,0,0,0,0,0,0},
{0,0,0,0,0,0,0,0,0,0,0,0,0,0,0,0,0,0,0,0,0,0,0,0,0,0,0,0,0,0,0,0,0.0000312655*J1^1*Q^4+-0.0000074732*Q^5+0,-0.0000361023*J1^1*Q^4+0.0000086293*Q^5+0,0.0000634918*J1^2*Q^3+-0.0000971613*J1^1*Q^4+0.0000157856*Q^5+0,-0.0000733140*J1^2*Q^3+0.0001121922*J1^1*Q^4+-0.0000182277*Q^5+0,-0.0000116711*J1^1*Q^4+0.0000004292*Q^5+0,0.0000134766*J1^1*Q^4+-0.0000004956*Q^5+0,0.0000245741*J1^2*Q^3+-0.0000213558*J1^1*Q^4+0.0000023001*Q^5+0,-0.0000283757*J1^2*Q^3+0.0000246595*J1^1*Q^4+-0.0000026559*Q^5+0,0,0,0,0,0,0,0,0,0,0,0,0,0,0,0,0,0,0,0,0,0,0,0,0},
{0,0,0,0,0,0,0,0,0,0,0,0,0,0,0,0,0,0,0,0,0,0,0,0,0,0,0,0,0,0,0,0,0,-0.0000634918*J1^2*Q^3+0.0000971613*J1^1*Q^4+-0.0000136605*Q^5+0,0,-0.0000104218*J1^1*Q^4+0.0000012641*Q^5+0,0,-0.0000117261*J1^2*Q^3+0.0000149318*J1^1*Q^4+-0.0000080136*Q^5+0,0,-0.0000074178*J1^2*Q^3+0.0000075993*J1^1*Q^4+0.0000031556*Q^5+0,0,0,0,0,0,0,0,0,0,0,0,0,0,0,0,0,0,0,0,0,0,0,0,0},
{0,0,0,0,0,0,0,0,0,0,0,0,0,0,0,0,0,0,0,0,0,0,0,0,0,0,0,0,0,0,0,0,-0.0000634918*J1^2*Q^3+0.0000971613*J1^1*Q^4+-0.0000136605*Q^5+0,0.0000733140*J1^2*Q^3+-0.0001121922*J1^1*Q^4+0.0000157738*Q^5+0,-0.0000104218*J1^1*Q^4+0.0000012641*Q^5+0,0.0000120341*J1^1*Q^4+-0.0000014596*Q^5+0,-0.0000117261*J1^2*Q^3+0.0000149318*J1^1*Q^4+-0.0000080136*Q^5+0,0.0000135402*J1^2*Q^3+-0.0000172418*J1^1*Q^4+0.0000092533*Q^5+0,-0.0000074178*J1^2*Q^3+0.0000075993*J1^1*Q^4+0.0000031556*Q^5+0,0.0000085653*J1^2*Q^3+-0.0000087749*J1^1*Q^4+-0.0000036438*Q^5+0,0,0,0,0,0,0,0,0,0,0,0,0,0,0,0,0,0,0,0,0,0,0,0,0},
{0,0,0,0,0,0,0,0,0,0,0,0,0,0,0,0,0,0,0,0,0,0,0,0,0,0,0,0,0,0,0,0,0,0,0,0,0,0,0,0,0,-0.0000028849*Q^5+0,0,-0.0001039039*J1^2*Q^3+0.0000791961*J1^1*Q^4+-0.0000159276*Q^5+0,0,0.0000312655*J1^1*Q^4+-0.0000074732*Q^5+0,0,-0.0000320549*J1^2*Q^3+0.0000185471*J1^1*Q^4+0.0000038423*Q^5+0,0,0,0,0,0,0,0,0,0,0,0,0,0,0,0,0},
{0,0,0,0,0,0,0,0,0,0,0,0,0,0,0,0,0,0,0,0,0,0,0,0,0,0,0,0,0,0,0,0,0,0,0,0,0,0,0,0,-0.0000028849*Q^5+0,0.0000033312*Q^5+0,-0.0001039039*J1^2*Q^3+0.0000791961*J1^1*Q^4+-0.0000159276*Q^5+0,0.0001199779*J1^2*Q^3+-0.0000914477*J1^1*Q^4+0.0000183916*Q^5+0,0.0000312655*J1^1*Q^4+-0.0000074732*Q^5+0,-0.0000361023*J1^1*Q^4+0.0000086293*Q^5+0,-0.0000320549*J1^2*Q^3+0.0000185471*J1^1*Q^4+0.0000038423*Q^5+0,0.0000370138*J1^2*Q^3+-0.0000214163*J1^1*Q^4+-0.0000044367*Q^5+0,0,0,0,0,0,0,0,0,0,0,0,0,0,0,0,0},
{0,0,0,0,0,0,0,0,0,0,0,0,0,0,0,0,0,0,0,0,0,0,0,0,0,0,0,0,0,0,0,0,0,0,0,0,0,0,0,0,0,-0.0001039039*J1^2*Q^3+0.0000247078*J1^1*Q^4+-0.0000060308*Q^5+0,0,0.0001199779*J1^2*Q^3+-0.0000599889*J1^1*Q^4+0.0000136393*Q^5+0,0,0.0000320549*J1^2*Q^3+-0.0000185471*J1^1*Q^4+-0.0000017171*Q^5+0,0,-0.0000104218*J1^1*Q^4+0.0000012641*Q^5+0,0,0,0,0,0,0,0,0,0,0,0,0,0,0,0,0},
{0,0,0,0,0,0,0,0,0,0,0,0,0,0,0,0,0,0,0,0,0,0,0,0,0,0,0,0,0,0,0,0,0,0,0,0,0,0,0,0,-0.0001039039*J1^2*Q^3+0.0000247078*J1^1*Q^4+-0.0000060308*Q^5+0,0.0001199779*J1^2*Q^3+-0.0000285301*J1^1*Q^4+0.0000069638*Q^5+0,0.0001199779*J1^2*Q^3+-0.0000599889*J1^1*Q^4+0.0000136393*Q^5+0,-0.0001385385*J1^2*Q^3+0.0000692693*J1^1*Q^4+-0.0000157493*Q^5+0,0.0000320549*J1^2*Q^3+-0.0000185471*J1^1*Q^4+-0.0000017171*Q^5+0,-0.0000370138*J1^2*Q^3+0.0000214163*J1^1*Q^4+0.0000019828*Q^5+0,-0.0000104218*J1^1*Q^4+0.0000012641*Q^5+0,0.0000120341*J1^1*Q^4+-0.0000014596*Q^5+0,0,0,0,0,0,0,0,0,0,0,0,0,0,0,0,0},
{0,0,0,0,0,0,0,0,0,0,0,0,0,0,0,0,0,0,0,0,0,0,0,0,0,0,0,0,0,0,0,0,0,0,0,0,0,0,0,0,0,0.0000312655*J1^1*Q^4+-0.0000074732*Q^5+0,0,0.0000634918*J1^2*Q^3+-0.0000971613*J1^1*Q^4+0.0000157856*Q^5+0,0,-0.0000116711*J1^1*Q^4+0.0000004292*Q^5+0,0,0.0000245741*J1^2*Q^3+-0.0000213558*J1^1*Q^4+0.0000023001*Q^5+0,0,0,0,0,0,0,0,0,0,0,0,0,0,0,0,0},
{0,0,0,0,0,0,0,0,0,0,0,0,0,0,0,0,0,0,0,0,0,0,0,0,0,0,0,0,0,0,0,0,0,0,0,0,0,0,0,0,0.0000312655*J1^1*Q^4+-0.0000074732*Q^5+0,-0.0000361023*J1^1*Q^4+0.0000086293*Q^5+0,0.0000634918*J1^2*Q^3+-0.0000971613*J1^1*Q^4+0.0000157856*Q^5+0,-0.0000733140*J1^2*Q^3+0.0001121922*J1^1*Q^4+-0.0000182277*Q^5+0,-0.0000116711*J1^1*Q^4+0.0000004292*Q^5+0,0.0000134766*J1^1*Q^4+-0.0000004956*Q^5+0,0.0000245741*J1^2*Q^3+-0.0000213558*J1^1*Q^4+0.0000023001*Q^5+0,-0.0000283757*J1^2*Q^3+0.0000246595*J1^1*Q^4+-0.0000026559*Q^5+0,0,0,0,0,0,0,0,0,0,0,0,0,0,0,0,0},
{0,0,0,0,0,0,0,0,0,0,0,0,0,0,0,0,0,0,0,0,0,0,0,0,0,0,0,0,0,0,0,0,0,0,0,0,0,0,0,0,0,-0.0000634918*J1^2*Q^3+0.0000971613*J1^1*Q^4+-0.0000136605*Q^5+0,0,-0.0000104218*J1^1*Q^4+0.0000012641*Q^5+0,0,-0.0000117261*J1^2*Q^3+0.0000149318*J1^1*Q^4+-0.0000080136*Q^5+0,0,-0.0000074178*J1^2*Q^3+0.0000075993*J1^1*Q^4+0.0000031556*Q^5+0,0,0,0,0,0,0,0,0,0,0,0,0,0,0,0,0},
{0,0,0,0,0,0,0,0,0,0,0,0,0,0,0,0,0,0,0,0,0,0,0,0,0,0,0,0,0,0,0,0,0,0,0,0,0,0,0,0,-0.0000634918*J1^2*Q^3+0.0000971613*J1^1*Q^4+-0.0000136605*Q^5+0,0.0000733140*J1^2*Q^3+-0.0001121922*J1^1*Q^4+0.0000157738*Q^5+0,-0.0000104218*J1^1*Q^4+0.0000012641*Q^5+0,0.0000120341*J1^1*Q^4+-0.0000014596*Q^5+0,-0.0000117261*J1^2*Q^3+0.0000149318*J1^1*Q^4+-0.0000080136*Q^5+0,0.0000135402*J1^2*Q^3+-0.0000172418*J1^1*Q^4+0.0000092533*Q^5+0,-0.0000074178*J1^2*Q^3+0.0000075993*J1^1*Q^4+0.0000031556*Q^5+0,0.0000085653*J1^2*Q^3+-0.0000087749*J1^1*Q^4+-0.0000036438*Q^5+0,0,0,0,0,0,0,0,0,0,0,0,0,0,0,0,0},
{0,0,0,0,0,0,0,0,0,0,0,0,0,0,0,0,0,0,0,0,0,0,0,0,0,0,0,0,0,0,0,0,0,0,0,0,0,0,0,0,0,0,0,0,0,0,0,0,0,-0.0000028849*Q^5+0,0,-0.0001039039*J1^2*Q^3+0.0000791961*J1^1*Q^4+-0.0000159276*Q^5+0,0,0.0000312655*J1^1*Q^4+-0.0000074732*Q^5+0,0,-0.0000320549*J1^2*Q^3+0.0000185471*J1^1*Q^4+0.0000038423*Q^5+0,0,0,0,0,0,0,0,0},
{0,0,0,0,0,0,0,0,0,0,0,0,0,0,0,0,0,0,0,0,0,0,0,0,0,0,0,0,0,0,0,0,0,0,0,0,0,0,0,0,0,0,0,0,0,0,0,0,-0.0000028849*Q^5+0,0.0000033312*Q^5+0,-0.0001039039*J1^2*Q^3+0.0000791961*J1^1*Q^4+-0.0000159276*Q^5+0,0.0001199779*J1^2*Q^3+-0.0000914477*J1^1*Q^4+0.0000183916*Q^5+0,0.0000312655*J1^1*Q^4+-0.0000074732*Q^5+0,-0.0000361023*J1^1*Q^4+0.0000086293*Q^5+0,-0.0000320549*J1^2*Q^3+0.0000185471*J1^1*Q^4+0.0000038423*Q^5+0,0.0000370138*J1^2*Q^3+-0.0000214163*J1^1*Q^4+-0.0000044367*Q^5+0,0,0,0,0,0,0,0,0},
{0,0,0,0,0,0,0,0,0,0,0,0,0,0,0,0,0,0,0,0,0,0,0,0,0,0,0,0,0,0,0,0,0,0,0,0,0,0,0,0,0,0,0,0,0,0,0,0,0,-0.0001039039*J1^2*Q^3+0.0000247078*J1^1*Q^4+-0.0000060308*Q^5+0,0,0.0001199779*J1^2*Q^3+-0.0000599889*J1^1*Q^4+0.0000136393*Q^5+0,0,0.0000320549*J1^2*Q^3+-0.0000185471*J1^1*Q^4+-0.0000017171*Q^5+0,0,-0.0000104218*J1^1*Q^4+0.0000012641*Q^5+0,0,0,0,0,0,0,0,0},
{0,0,0,0,0,0,0,0,0,0,0,0,0,0,0,0,0,0,0,0,0,0,0,0,0,0,0,0,0,0,0,0,0,0,0,0,0,0,0,0,0,0,0,0,0,0,0,0,-0.0001039039*J1^2*Q^3+0.0000247078*J1^1*Q^4+-0.0000060308*Q^5+0,0.0001199779*J1^2*Q^3+-0.0000285301*J1^1*Q^4+0.0000069638*Q^5+0,0.0001199779*J1^2*Q^3+-0.0000599889*J1^1*Q^4+0.0000136393*Q^5+0,-0.0001385385*J1^2*Q^3+0.0000692693*J1^1*Q^4+-0.0000157493*Q^5+0,0.0000320549*J1^2*Q^3+-0.0000185471*J1^1*Q^4+-0.0000017171*Q^5+0,-0.0000370138*J1^2*Q^3+0.0000214163*J1^1*Q^4+0.0000019828*Q^5+0,-0.0000104218*J1^1*Q^4+0.0000012641*Q^5+0,0.0000120341*J1^1*Q^4+-0.0000014596*Q^5+0,0,0,0,0,0,0,0,0},
{0,0,0,0,0,0,0,0,0,0,0,0,0,0,0,0,0,0,0,0,0,0,0,0,0,0,0,0,0,0,0,0,0,0,0,0,0,0,0,0,0,0,0,0,0,0,0,0,0,0.0000312655*J1^1*Q^4+-0.0000074732*Q^5+0,0,0.0000634918*J1^2*Q^3+-0.0000971613*J1^1*Q^4+0.0000157856*Q^5+0,0,-0.0000116711*J1^1*Q^4+0.0000004292*Q^5+0,0,0.0000245741*J1^2*Q^3+-0.0000213558*J1^1*Q^4+0.0000023001*Q^5+0,0,0,0,0,0,0,0,0},
{0,0,0,0,0,0,0,0,0,0,0,0,0,0,0,0,0,0,0,0,0,0,0,0,0,0,0,0,0,0,0,0,0,0,0,0,0,0,0,0,0,0,0,0,0,0,0,0,0.0000312655*J1^1*Q^4+-0.0000074732*Q^5+0,-0.0000361023*J1^1*Q^4+0.0000086293*Q^5+0,0.0000634918*J1^2*Q^3+-0.0000971613*J1^1*Q^4+0.0000157856*Q^5+0,-0.0000733140*J1^2*Q^3+0.0001121922*J1^1*Q^4+-0.0000182277*Q^5+0,-0.0000116711*J1^1*Q^4+0.0000004292*Q^5+0,0.0000134766*J1^1*Q^4+-0.0000004956*Q^5+0,0.0000245741*J1^2*Q^3+-0.0000213558*J1^1*Q^4+0.0000023001*Q^5+0,-0.0000283757*J1^2*Q^3+0.0000246595*J1^1*Q^4+-0.0000026559*Q^5+0,0,0,0,0,0,0,0,0},
{0,0,0,0,0,0,0,0,0,0,0,0,0,0,0,0,0,0,0,0,0,0,0,0,0,0,0,0,0,0,0,0,0,0,0,0,0,0,0,0,0,0,0,0,0,0,0,0,0,-0.0000634918*J1^2*Q^3+0.0000971613*J1^1*Q^4+-0.0000136605*Q^5+0,0,-0.0000104218*J1^1*Q^4+0.0000012641*Q^5+0,0,-0.0000117261*J1^2*Q^3+0.0000149318*J1^1*Q^4+-0.0000080136*Q^5+0,0,-0.0000074178*J1^2*Q^3+0.0000075993*J1^1*Q^4+0.0000031556*Q^5+0,0,0,0,0,0,0,0,0},
{0,0,0,0,0,0,0,0,0,0,0,0,0,0,0,0,0,0,0,0,0,0,0,0,0,0,0,0,0,0,0,0,0,0,0,0,0,0,0,0,0,0,0,0,0,0,0,0,-0.0000634918*J1^2*Q^3+0.0000971613*J1^1*Q^4+-0.0000136605*Q^5+0,0.0000733140*J1^2*Q^3+-0.0001121922*J1^1*Q^4+0.0000157738*Q^5+0,-0.0000104218*J1^1*Q^4+0.0000012641*Q^5+0,0.0000120341*J1^1*Q^4+-0.0000014596*Q^5+0,-0.0000117261*J1^2*Q^3+0.0000149318*J1^1*Q^4+-0.0000080136*Q^5+0,0.0000135402*J1^2*Q^3+-0.0000172418*J1^1*Q^4+0.0000092533*Q^5+0,-0.0000074178*J1^2*Q^3+0.0000075993*J1^1*Q^4+0.0000031556*Q^5+0,0.0000085653*J1^2*Q^3+-0.0000087749*J1^1*Q^4+-0.0000036438*Q^5+0,0,0,0,0,0,0,0,0},
{0,0,0,0,0,0,0,0,0,0,0,0,0,0,0,0,0,0,0,0,0,0,0,0,0,0,0,0,0,0,0,0,0,0,0,0,0,0,0,0,0,0,0,0,0,0,0,0,0,0,0,0,0,0,0,0,0,-0.0000028849*Q^5+0,0,-0.0001039039*J1^2*Q^3+0.0000791961*J1^1*Q^4+-0.0000159276*Q^5+0,0,0.0000312655*J1^1*Q^4+-0.0000074732*Q^5+0,0,-0.0000320549*J1^2*Q^3+0.0000185471*J1^1*Q^4+0.0000038423*Q^5+0},
{0,0,0,0,0,0,0,0,0,0,0,0,0,0,0,0,0,0,0,0,0,0,0,0,0,0,0,0,0,0,0,0,0,0,0,0,0,0,0,0,0,0,0,0,0,0,0,0,0,0,0,0,0,0,0,0,-0.0000028849*Q^5+0,0.0000033312*Q^5+0,-0.0001039039*J1^2*Q^3+0.0000791961*J1^1*Q^4+-0.0000159276*Q^5+0,0.0001199779*J1^2*Q^3+-0.0000914477*J1^1*Q^4+0.0000183916*Q^5+0,0.0000312655*J1^1*Q^4+-0.0000074732*Q^5+0,-0.0000361023*J1^1*Q^4+0.0000086293*Q^5+0,-0.0000320549*J1^2*Q^3+0.0000185471*J1^1*Q^4+0.0000038423*Q^5+0,0.0000370138*J1^2*Q^3+-0.0000214163*J1^1*Q^4+-0.0000044367*Q^5+0},
{0,0,0,0,0,0,0,0,0,0,0,0,0,0,0,0,0,0,0,0,0,0,0,0,0,0,0,0,0,0,0,0,0,0,0,0,0,0,0,0,0,0,0,0,0,0,0,0,0,0,0,0,0,0,0,0,0,-0.0001039039*J1^2*Q^3+0.0000247078*J1^1*Q^4+-0.0000060308*Q^5+0,0,0.0001199779*J1^2*Q^3+-0.0000599889*J1^1*Q^4+0.0000136393*Q^5+0,0,0.0000320549*J1^2*Q^3+-0.0000185471*J1^1*Q^4+-0.0000017171*Q^5+0,0,-0.0000104218*J1^1*Q^4+0.0000012641*Q^5+0},
{0,0,0,0,0,0,0,0,0,0,0,0,0,0,0,0,0,0,0,0,0,0,0,0,0,0,0,0,0,0,0,0,0,0,0,0,0,0,0,0,0,0,0,0,0,0,0,0,0,0,0,0,0,0,0,0,-0.0001039039*J1^2*Q^3+0.0000247078*J1^1*Q^4+-0.0000060308*Q^5+0,0.0001199779*J1^2*Q^3+-0.0000285301*J1^1*Q^4+0.0000069638*Q^5+0,0.0001199779*J1^2*Q^3+-0.0000599889*J1^1*Q^4+0.0000136393*Q^5+0,-0.0001385385*J1^2*Q^3+0.0000692693*J1^1*Q^4+-0.0000157493*Q^5+0,0.0000320549*J1^2*Q^3+-0.0000185471*J1^1*Q^4+-0.0000017171*Q^5+0,-0.0000370138*J1^2*Q^3+0.0000214163*J1^1*Q^4+0.0000019828*Q^5+0,-0.0000104218*J1^1*Q^4+0.0000012641*Q^5+0,0.0000120341*J1^1*Q^4+-0.0000014596*Q^5+0},
{0,0,0,0,0,0,0,0,0,0,0,0,0,0,0,0,0,0,0,0,0,0,0,0,0,0,0,0,0,0,0,0,0,0,0,0,0,0,0,0,0,0,0,0,0,0,0,0,0,0,0,0,0,0,0,0,0,0.0000312655*J1^1*Q^4+-0.0000074732*Q^5+0,0,0.0000634918*J1^2*Q^3+-0.0000971613*J1^1*Q^4+0.0000157856*Q^5+0,0,-0.0000116711*J1^1*Q^4+0.0000004292*Q^5+0,0,0.0000245741*J1^2*Q^3+-0.0000213558*J1^1*Q^4+0.0000023001*Q^5+0},
{0,0,0,0,0,0,0,0,0,0,0,0,0,0,0,0,0,0,0,0,0,0,0,0,0,0,0,0,0,0,0,0,0,0,0,0,0,0,0,0,0,0,0,0,0,0,0,0,0,0,0,0,0,0,0,0,0.0000312655*J1^1*Q^4+-0.0000074732*Q^5+0,-0.0000361023*J1^1*Q^4+0.0000086293*Q^5+0,0.0000634918*J1^2*Q^3+-0.0000971613*J1^1*Q^4+0.0000157856*Q^5+0,-0.0000733140*J1^2*Q^3+0.0001121922*J1^1*Q^4+-0.0000182277*Q^5+0,-0.0000116711*J1^1*Q^4+0.0000004292*Q^5+0,0.0000134766*J1^1*Q^4+-0.0000004956*Q^5+0,0.0000245741*J1^2*Q^3+-0.0000213558*J1^1*Q^4+0.0000023001*Q^5+0,-0.0000283757*J1^2*Q^3+0.0000246595*J1^1*Q^4+-0.0000026559*Q^5+0},
{0,0,0,0,0,0,0,0,0,0,0,0,0,0,0,0,0,0,0,0,0,0,0,0,0,0,0,0,0,0,0,0,0,0,0,0,0,0,0,0,0,0,0,0,0,0,0,0,0,0,0,0,0,0,0,0,0,-0.0000634918*J1^2*Q^3+0.0000971613*J1^1*Q^4+-0.0000136605*Q^5+0,0,-0.0000104218*J1^1*Q^4+0.0000012641*Q^5+0,0,-0.0000117261*J1^2*Q^3+0.0000149318*J1^1*Q^4+-0.0000080136*Q^5+0,0,-0.0000074178*J1^2*Q^3+0.0000075993*J1^1*Q^4+0.0000031556*Q^5+0},
{0,0,0,0,0,0,0,0,0,0,0,0,0,0,0,0,0,0,0,0,0,0,0,0,0,0,0,0,0,0,0,0,0,0,0,0,0,0,0,0,0,0,0,0,0,0,0,0,0,0,0,0,0,0,0,0,-0.0000634918*J1^2*Q^3+0.0000971613*J1^1*Q^4+-0.0000136605*Q^5+0,0.0000733140*J1^2*Q^3+-0.0001121922*J1^1*Q^4+0.0000157738*Q^5+0,-0.0000104218*J1^1*Q^4+0.0000012641*Q^5+0,0.0000120341*J1^1*Q^4+-0.0000014596*Q^5+0,-0.0000117261*J1^2*Q^3+0.0000149318*J1^1*Q^4+-0.0000080136*Q^5+0,0.0000135402*J1^2*Q^3+-0.0000172418*J1^1*Q^4+0.0000092533*Q^5+0,-0.0000074178*J1^2*Q^3+0.0000075993*J1^1*Q^4+0.0000031556*Q^5+0,0.0000085653*J1^2*Q^3+-0.0000087749*J1^1*Q^4+-0.0000036438*Q^5+0}
}